56 13
56 43
54 17
1 21
37 22
50 62
2 50
80 6
145 5
100 9
143 69
81 46
31 28
61 66
21 43
39 19
93 29
49 28
55 54
78 12
110 65
148 22
120 51
96 11
4 11
1 57
47 7
110 33
124 25
106 62
108 69
36 5
22 62
31 23
78 11
127 29
140 28
127 60
145 6
95 25
142 40
57 61
95 8
87 8
25 9
117 23
58 37
17 51
107 9
41 15
58 67
91 64
59 10
98 70
115 32
72 19
117 42
30 37
117 52
96 69
71 62
139 68
132 65
59 62
11 26
67 44
41 9
145 70
13 67
131 16
69 11
98 49
42 37
52 60
86 12
81 68
74 11
57 24
123 62
74 69
109 47
102 24
112 16
84 54
15 55
20 48
54 34
121 37
88 1
35 18
7 2
56 30
5 40
118 38
102 17
7 56
58 29
33 34
136 6
112 64
