148 48
62 141
148 117
71 123
204 115
53 66
69 220
20 20
82 210
47 190
44 247
120 78
79 9
196 32
250 176
136 240
14 48
90 49
205 53
142 142
164 237
52 59
43 47
63 64
117 51
217 59
44 142
124 158
131 87
37 232
47 93
247 156
105 196
32 161
249 174
54 146
156 56
232 84
250 13
223 20
24 32
80 34
32 193
6 89
230 206
196 18
116 155
3 245
84 226
250 174
106 150
154 157
165 69
235 199
217 245
240 189
194 117
119 144
205 210
168 72
235 192
114 194
129 180
145 94
21 179
53 158
229 111
80 78
180 94
94 98
179 192
118 20
91 192
139 247
93 78
29 105
134 228
210 192
189 90
219 123
4 156
99 232
124 108
189 86
178 18
59 9
71 176
55 29
69 78
148 86
93 181
1 227
94 198
26 141
192 139
161 53
199 129
25 82
78 193
61 87
124 118
57 113
198 236
209 98
122 157
48 106
86 123
230 70
72 205
42 68
218 95
219 222
229 34
231 126
162 216
246 115
4 73
173 89
214 141
101 9
155 174
150 82
33 99
235 2
111 218
42 101
89 60
182 87
109 222
35 53
158 7
166 80
172 196
247 140
24 128
46 101
31 195
152 146
224 133
101 142
119 82
101 230
99 149
66 64
79 235
168 177
83 141
109 101
191 74
241 62
181 130
38 5
51 138
156 45
32 170
60 116
27 156
60 175
3 77
139 205
72 40
48 31
196 205
197 13
209 66
174 156
149 113
186 211
96 206
21 148
90 7
109 45
134 82
149 88
226 62
79 206
217 102
227 91
3 147
90 206
163 12
126 189
143 55
52 202
171 89
233 248
242 4
166 84
86 2
198 46
13 98
206 217
87 170
40 211
171 124
33 22
40 172
243 69
133 218
13 52
70 206
84 121
248 131
213 116
40 8
210 18
218 134
136 115
92 32
217 84
117 151
131 151
74 72
68 27
239 175
39 210
124 93
61 173
135 207
151 116
119 230
165 199
83 44
95 8
75 147
92 12
70 43
175 34
234 9
115 6
10 214
62 119
149 200
95 141
53 84
244 170
194 205
6 236
156 250
1 138
193 203
41 68
169 149
235 46
166 246
79 222
208 10
76 132
100 31
211 26
171 218
179 144
62 189
161 103
163 101
29 30
234 236
108 123
73 86
164 41
13 87
111 233
217 148
139 140
139 126
134 61
190 175
150 133
144 10
149 80
26 127
163 16
205 203
184 201
106 220
184 247
129 122
205 3
161 200
54 71
70 104
206 183
8 107
215 61
191 5
169 245
182 70
32 52
197 210
246 139
168 72
148 39
210 188
11 177
140 7
218 14
79 152
93 129
163 199
72 225
220 206
55 3
11 232
143 79
244 49
104 21
25 191
242 13
126 18
212 122
193 212
159 149
249 117
153 202
56 249
195 231
210 23
100 207
172 134
185 58
105 60
42 214
30 218
68 167
41 54
55 175
62 93
104 193
147 101
40 89
222 119
70 110
241 131
49 100
250 48
114 148
60 44
51 249
40 81
126 176
171 119
76 37
48 196
17 212
63 193
170 136
26 193
105 128
222 228
127 71
32 244
92 241
98 77
66 103
50 33
227 149
149 152
250 69
56 20
128 180
104 48
106 167
42 154
128 185
15 237
24 209
22 20
116 135
113 190
239 117
238 8
179 121
134 189
162 144
124 228
198 170
123 200
17 189
189 242
116 49
95 230
169 94
147 247
151 70
241 64
3 117
96 166
196 205
173 235
196 85
53 165
45 146
63 44
154 106
148 147
95 193
214 10
23 229
80 7
210 225
52 173
168 27
38 62
160 237
195 44
20 60
150 132
66 66
47 134
190 19
196 11
233 203
179 68
34 20
16 114
116 11
208 43
59 86
81 165
93 129
161 56
16 173
74 139
148 113
142 39
229 103
218 106
187 124
77 199
17 149
160 92
16 22
45 127
162 44
233 31
76 11
97 220
93 84
87 84
115 107
199 139
47 107
146 21
119 9
177 80
70 95
88 9
42 12
45 182
243 209
249 208
132 16
227 222
219 193
15 81
181 171
237 27
91 180
214 21
31 36
183 87
188 137
74 109
130 96
202 82
19 113
83 16
55 31
131 210
18 206
30 17
98 10
212 168
209 65
236 74
179 163
109 220
241 165
233 106
36 70
24 177
181 204
45 19
114 39
183 65
238 164
112 248
163 34
59 119
110 185
224 224
210 157
199 137
109 202
208 205
64 213
175 103
157 231
231 234
156 52
40 139
193 118
44 215
58 89
27 202
109 168
77 19
28 46
121 64
150 107
50 25
111 152
112 234
206 96
224 236
34 109
46 67
2 9
35 217
123 187
36 82
109 166
106 202
140 13
233 159
64 133
114 182
161 19
71 246
219 217
139 150
235 21
223 203
96 145
144 126
11 204
103 50
174 132
40 60
19 57
39 1
50 206
2 89
97 11
227 14
7 203
159 210
94 55
166 53
196 80
113 180
132 177
24 244
190 147
230 216
59 11
93 200
211 239
92 143
195 71
78 69
92 99
109 193
95 160
19 101
5 216
102 14
129 244
84 78
240 209
106 10
7 67
199 11
154 125
210 241
116 243
36 158
139 202
202 82
210 106
75 16
130 190
243 12
222 106
177 56
63 137
30 85
44 193
66 148
237 149
89 150
96 243
59 193
42 232
45 231
169 92
198 152
226 120
23 209
75 154
87 111
11 54
152 96
228 27
77 36
223 192
72 177
2 159
30 140
119 148
197 38
164 147
181 7
167 241
173 144
241 46
235 91
157 113
217 242
212 207
3 91
189 202
237 137
243 86
163 213
136 2
64 126
167 234
201 143
176 154
207 174
224 47
171 185
44 142
212 11
80 184
69 37
223 148
60 68
13 202
109 144
117 238
164 168
238 136
201 19
75 26
63 233
249 204
154 32
154 6
193 225
182 111
220 66
117 47
131 126
220 84
236 16
192 239
206 183
132 141
89 194
62 19
52 49
75 116
210 133
11 192
228 173
69 17
169 103
70 202
156 127
217 190
102 150
240 249
190 163
224 114
127 240
181 61
149 142
52 75
217 118
78 232
153 131
52 209
212 94
4 100
167 61
141 105
94 242
147 92
245 160
5 102
16 76
240 206
186 210
81 2
79 224
68 162
123 191
240 37
115 7
46 119
220 180
226 131
134 182
221 27
141 191
226 50
184 226
75 85
238 158
113 14
154 211
223 80
197 21
98 122
82 8
70 113
246 190
92 93
193 135
5 15
146 10
63 139
226 211
126 185
242 149
134 248
79 131
233 115
57 132
203 107
1 119
107 229
237 3
18 79
22 14
142 32
103 64
26 66
43 147
43 151
71 199
88 184
41 247
64 55
164 176
24 23
6 38
115 46
184 170
120 165
97 11
110 212
239 83
247 117
138 146
117 184
140 186
244 239
104 247
141 189
162 195
51 176
168 162
212 185
111 63
223 84
39 59
157 218
68 7
85 177
238 115
142 54
210 105
142 78
46 218
159 21
192 87
2 2
90 180
183 23
189 37
125 98
79 70
243 146
136 209
71 196
126 44
100 150
204 29
170 12
112 189
122 143
41 237
82 37
70 43
112 38
205 129
57 231
101 231
91 106
22 223
66 206
233 83
198 222
77 140
2 72
112 250
233 194
173 120
102 218
115 27
225 52
242 190
193 136
94 209
224 43
25 82
203 175
137 234
24 168
87 38
140 29
203 38
184 137
170 118
55 70
82 49
74 75
219 168
57 17
71 42
38 78
221 176
164 81
100 89
91 126
52 187
108 27
33 208
65 22
79 93
87 62
59 31
225 28
152 14
170 49
250 183
57 107
199 161
9 49
36 33
68 206
139 144
195 54
162 5
229 183
110 123
11 103
171 249
14 20
232 177
241 247
101 77
8 19
132 221
12 154
108 2
39 131
232 10
233 150
195 74
191 202
176 246
65 26
131 165
101 99
3 79
137 57
166 139
104 125
92 118
224 33
181 39
81 235
59 130
202 92
96 172
164 90
36 241
34 227
156 8
197 223
1 245
171 203
118 30
240 38
175 126
155 126
41 222
5 64
248 206
150 161
85 165
80 123
152 172
210 113
149 143
64 70
120 13
94 66
64 147
38 216
105 153
57 57
28 145
198 52
3 159
240 152
73 96
136 236
226 121
37 56
119 212
115 57
128 143
246 94
99 133
73 214
231 111
246 3
186 88
228 72
223 40
176 3
211 69
159 216
13 215
149 7
241 158
174 184
196 72
231 192
236 139
241 55
40 46
74 85
9 15
98 210
37 243
38 26
153 114
183 100
61 246
107 223
138 87
4 114
152 88
225 102
138 238
94 206
80 42
124 190
20 229
15 8
162 138
246 231
76 198
4 65
201 217
34 125
6 66
90 39
167 52
79 139
155 237
11 129
107 69
43 193
8 223
148 111
31 241
20 38
249 165
136 28
78 84
229 202
115 52
205 150
82 142
53 242
198 104
80 7
239 182
182 94
55 227
188 71
131 241
116 172
