153 808
508 756
866 358
943 674
401 827
166 369
170 246
895 233
967 86
941 332
477 758
598 562
284 524
286 818
662 310
736 624
369 42
211 208
404 159
282 686
237 293
709 779
354 47
928 210
514 906
228 772
594 392
385 712
261 733
677 817
88 704
485 724
912 313
593 371
828 937
933 787
191 875
406 751
396 832
588 325
402 195
293 231
557 834
478 168
451 811
897 11
432 14
694 383
432 348
685 308
822 842
282 777
362 916
684 945
77 278
290 83
16 417
856 98
558 751
962 811
927 170
882 947
879 635
577 33
414 753
264 91
431 177
605 657
655 498
421 922
814 411
111 473
70 19
276 268
847 992
49 764
811 345
152 181
460 101
807 265
454 379
539 774
480 134
379 682
517 133
661 150
334 296
178 470
734 774
582 751
206 302
770 797
313 704
661 986
547 526
426 749
882 675
964 810
569 53
698 244
676 71
276 230
315 611
426 235
931 527
674 846
801 932
97 657
37 107
356 170
132 612
85 259
230 186
615 695
226 577
587 112
334 970
540 362
851 216
324 511
950 106
925 359
991 642
55 120
300 219
47 515
42 968
597 320
216 11
237 229
912 60
667 720
207 540
302 958
145 607
586 769
36 267
502 113
404 831
115 943
972 762
214 528
26 167
337 633
436 674
791 76
248 121
999 159
845 5
494 643
739 503
922 736
107 106
845 71
633 918
340 29
318 661
694 225
218 490
630 373
122 299
862 265
239 486
852 645
415 809
318 166
76 952
191 607
403 464
441 64
524 496
941 760
129 417
314 545
728 91
837 94
411 221
43 424
474 820
268 908
674 553
154 962
365 234
810 611
695 4
93 228
481 753
144 315
959 934
451 613
56 40
604 853
855 60
813 326
1 305
522 889
14 680
912 194
910 68
989 730
89 551
561 354
483 579
497 333
542 610
493 231
8 122
94 575
885 990
222 271
171 635
303 565
152 790
323 740
959 970
176 781
330 239
224 347
264 222
581 408
52 152
500 694
723 239
50 263
109 311
615 849
801 365
28 329
302 941
204 821
457 667
283 573
105 461
187 742
120 168
882 559
958 981
914 751
691 553
227 705
885 114
778 280
887 795
196 873
56 650
667 894
741 261
732 200
927 809
456 945
294 859
86 244
262 956
851 718
734 767
58 695
710 89
974 365
191 985
976 344
160 34
467 437
965 522
195 371
938 532
331 579
889 181
256 903
241 122
517 565
940 689
881 688
695 653
385 187
711 342
318 458
586 805
313 494
78 692
775 338
230 657
885 320
320 851
816 688
176 231
552 906
363 288
809 340
116 407
180 11
948 515
72 109
917 96
597 47
499 230
98 915
913 658
762 94
714 232
662 348
107 985
147 983
123 271
410 202
402 150
906 362
834 783
749 780
303 139
297 417
114 620
762 111
244 322
342 812
998 548
88 2
443 198
96 830
297 717
398 362
937 646
397 790
426 730
653 88
361 198
817 680
211 512
241 758
942 230
416 907
999 983
254 295
10 356
315 547
513 980
6 982
136 462
448 589
92 8
676 892
749 688
908 725
943 19
930 488
317 205
177 489
238 788
158 331
274 904
359 417
841 944
70 862
710 11
26 929
60 770
20 321
902 554
805 614
691 653
286 862
571 697
17 879
236 976
24 621
102 842
754 995
672 54
571 573
254 358
343 774
692 457
181 56
190 488
355 855
222 158
734 364
813 597
933 936
656 964
326 731
965 23
350 151
482 416
649 754
730 135
270 962
923 781
249 952
72 382
707 426
48 535
486 942
899 362
795 74
273 756
784 391
392 594
698 672
16 473
117 892
268 253
258 350
397 748
166 985
530 990
868 948
744 623
173 236
185 146
465 167
147 849
612 277
233 423
444 364
220 562
943 311
548 34
883 778
859 261
313 111
409 493
127 874
308 762
610 717
171 877
487 17
171 618
729 19
721 916
366 833
338 58
97 366
384 421
43 144
937 511
259 388
701 133
673 854
806 253
48 395
420 609
223 967
16 29
547 666
485 942
836 148
418 809
42 648
185 765
19 627
520 385
673 842
345 711
819 853
421 69
211 63
590 798
94 90
162 746
704 983
456 327
302 214
667 728
628 354
906 557
694 605
502 181
697 796
444 192
899 181
918 502
364 231
756 682
284 21
375 234
657 113
559 386
817 21
163 727
995 763
808 811
664 404
222 61
94 957
663 687
474 697
992 103
630 384
332 833
349 925
392 388
948 642
776 642
736 290
119 806
214 763
404 442
656 677
279 201
789 894
849 781
472 225
890 371
640 522
398 681
166 424
693 250
897 814
442 557
872 784
846 800
69 366
436 433
675 389
852 537
348 141
83 873
855 700
282 229
853 551
616 783
627 873
77 662
628 515
446 60
815 739
423 249
715 80
136 795
530 350
572 511
864 809
546 39
767 620
1000 190
769 893
520 842
548 761
14 682
577 429
824 788
967 479
925 939
129 602
396 536
837 455
579 725
842 855
806 876
994 812
727 411
767 185
118 646
729 234
899 148
843 826
969 723
251 785
388 251
287 962
142 336
924 181
297 684
664 867
188 7
319 423
210 396
205 560
876 907
196 977
202 897
230 384
730 412
817 541
966 70
237 805
285 437
547 516
44 683
321 610
242 334
835 198
10 607
250 466
561 830
610 349
761 544
951 798
616 384
384 441
546 801
509 160
828 549
121 498
114 990
740 248
560 894
985 338
220 64
882 327
697 661
73 928
84 135
495 133
779 282
776 834
535 740
488 300
38 989
310 319
957 405
37 300
154 790
57 511
775 337
397 820
724 913
722 645
852 483
135 355
78 427
65 778
45 169
945 930
343 875
109 677
204 87
646 429
118 111
643 383
255 820
657 45
38 31
821 531
903 258
239 833
395 35
54 214
525 156
379 987
418 646
930 656
885 97
364 105
829 918
477 529
178 985
139 839
578 208
857 262
527 876
631 496
833 849
551 323
972 439
728 652
166 42
151 689
984 176
449 432
976 396
987 325
964 982
973 136
526 733
305 577
269 880
839 155
851 715
589 353
737 99
389 242
682 280
915 8
61 221
423 491
919 54
7 190
311 101
166 235
207 35
39 201
609 70
52 32
383 897
106 517
829 122
46 215
939 467
644 488
781 129
689 8
171 852
926 951
831 829
684 519
671 628
236 441
207 263
748 134
940 493
566 481
700 93
262 745
254 993
597 98
124 108
96 728
891 384
570 602
24 338
544 667
503 502
743 621
458 432
253 116
184 960
762 28
434 765
428 573
648 805
230 575
929 221
811 724
869 281
921 358
463 3
14 427
647 815
624 682
86 5
83 517
673 155
819 278
541 417
19 212
388 243
228 152
717 714
967 980
332 244
24 878
874 199
404 387
706 27
232 220
743 702
311 832
910 316
857 268
368 385
10 797
959 807
787 810
129 892
111 407
48 980
923 145
602 918
659 770
297 253
895 164
815 144
916 66
881 202
305 246
12 176
329 41
858 869
655 972
129 470
221 538
927 689
351 169
162 840
739 42
515 282
988 523
362 518
365 688
332 149
786 774
973 57
970 705
694 490
556 963
711 738
549 9
753 91
720 830
772 424
740 362
388 940
902 303
105 729
2 803
580 256
76 181
922 36
962 964
514 38
889 306
887 437
639 943
255 75
86 173
175 779
303 275
773 819
599 765
993 983
976 170
747 443
273 661
696 619
727 360
379 908
410 429
102 95
446 222
302 416
925 540
994 430
812 998
869 882
97 127
761 556
914 73
781 656
553 64
308 530
296 921
177 51
634 968
258 685
910 827
182 401
118 683
567 630
683 332
585 111
27 638
424 550
677 588
650 890
358 796
200 897
433 112
34 594
249 626
73 105
565 118
621 137
11 516
659 993
382 71
681 997
976 989
49 35
280 135
915 598
903 647
191 332
695 722
105 701
269 647
10 240
774 409
611 651
734 221
620 570
100 670
481 15
591 920
266 805
221 676
540 496
527 67
838 612
245 371
1 272
471 77
244 195
104 727
504 644
77 836
883 151
131 676
196 903
739 571
70 445
38 700
645 654
362 736
493 616
822 827
91 102
104 990
250 710
401 754
687 371
77 173
1 262
753 871
792 700
276 954
889 143
176 7
684 229
113 484
318 472
557 215
852 59
452 999
562 255
701 885
828 454
59 93
401 550
487 89
242 263
955 264
150 10
957 59
796 566
235 801
530 333
184 445
162 524
612 286
994 568
617 948
351 719
58 136
980 205
387 430
31 594
99 404
685 399
860 427
33 990
206 964
865 607
204 541
737 281
64 651
335 95
270 123
82 29
267 47
595 611
785 321
573 82
946 435
436 276
331 717
775 657
369 692
604 986
803 865
920 913
533 411
48 577
578 671
20 128
549 491
514 743
533 250
852 401
20 522
348 328
476 217
577 883
615 513
326 572
340 816
920 348
361 613
809 20
655 257
158 756
11 954
482 118
231 956
398 371
831 409
812 693
862 935
324 439
499 631
336 966
713 182
976 384
63 529
802 810
750 267
10 284
627 165
603 323
339 746
297 776
56 505
835 14
337 29
793 265
619 582
546 6
781 578
901 62
900 536
360 155
63 818
232 528
240 26
351 765
849 50
470 352
945 281
979 387
315 412
144 593
835 906
724 360
920 298
328 8
630 356
911 408
389 823
226 347
27 323
297 446
933 668
531 255
410 128
941 873
87 77
166 164
772 603
735 421
610 607
219 783
436 638
625 398
760 188
121 897
496 806
126 584
766 498
44 510
135 56
255 326
343 50
778 800
79 62
872 801
841 833
469 882
427 609
172 282
250 969
700 575
211 477
345 144
59 961
316 116
37 338
64 611
842 708
479 816
851 970
81 472
204 362
437 608
783 147
259 593
443 294
630 474
634 471
347 836
976 559
619 123
485 150
856 460
577 327
562 795
973 173
4 337
221 802
810 426
990 875
3 451
131 242
380 780
734 907
608 679
638 214
502 829
859 829
124 951
570 255
896 686
15 849
859 548
162 477
86 745
198 929
726 744
774 424
589 24
290 527
287 692
673 363
77 602
780 44
298 946
27 912
680 569
81 100
196 933
312 904
812 460
427 617
646 870
547 194
26 770
178 324
3 692
22 357
832 705
838 536
166 74
637 820
873 717
287 682
366 792
681 439
564 753
992 398
163 459
287 159
407 40
620 26
877 695
345 126
508 175
828 344
263 424
343 40
929 184
807 449
710 903
341 882
378 688
441 386
21 55
373 830
650 887
770 807
262 635
445 975
989 877
863 76
9 50
250 773
77 499
544 541
243 438
362 246
353 283
729 90
693 643
314 939
713 409
918 72
601 722
318 743
927 801
577 470
360 337
120 593
255 121
41 333
181 469
526 870
188 479
921 437
584 387
677 40
541 855
818 478
165 745
191 219
64 214
18 86
661 653
604 349
457 232
216 877
411 228
901 26
364 766
271 617
999 368
448 11
139 366
283 71
526 214
561 395
685 592
216 834
76 966
829 970
954 55
915 826
474 758
509 524
11 14
821 744
944 89
907 709
916 236
662 859
664 838
894 501
60 992
659 58
61 233
530 565
235 979
620 518
93 344
55 33
948 718
755 4
864 214
945 688
979 800
541 510
134 22
992 909
232 970
419 390
402 743
245 376
992 615
377 323
636 331
340 436
839 723
890 95
109 680
662 12
964 29
602 658
271 397
979 381
104 69
323 331
593 517
330 815
533 901
303 143
864 163
178 78
185 854
733 290
265 993
794 95
837 716
105 609
641 49
761 698
743 649
657 635
836 490
602 198
571 316
951 229
621 410
613 756
145 540
303 934
130 196
412 625
289 897
201 165
365 865
972 152
232 893
900 413
88 492
463 487
549 215
410 352
249 506
818 115
488 751
520 575
663 94
929 396
52 132
843 961
205 406
197 697
921 390
29 784
745 260
119 858
309 886
873 490
185 18
614 939
726 414
871 598
42 390
212 259
63 168
592 229
604 995
954 953
427 955
210 314
679 63
741 306
211 225
885 225
765 786
801 229
383 227
769 91
50 747
451 986
945 117
174 153
616 392
740 604
997 734
903 805
316 93
425 561
982 480
745 838
401 407
118 549
158 882
599 34
245 739
746 225
136 68
476 969
710 180
404 736
571 950
326 852
236 340
545 296
442 673
486 273
467 62
702 369
804 341
17 399
905 60
682 450
573 190
165 393
699 823
193 518
252 328
470 109
108 866
355 675
949 774
178 996
928 276
523 402
139 698
110 424
229 184
635 742
618 829
439 524
949 12
83 833
674 861
107 603
114 433
410 976
961 561
675 802
161 191
279 873
971 281
234 519
689 923
380 100
61 962
361 95
486 594
773 733
562 80
649 664
834 941
563 399
889 133
315 619
177 162
758 983
723 87
574 325
572 781
612 702
105 894
956 170
958 66
135 20
265 720
91 938
318 451
764 983
970 708
74 8
222 443
581 228
544 686
127 96
616 460
202 498
813 340
28 831
320 756
625 800
488 739
413 416
346 673
598 340
441 473
318 72
105 611
33 678
343 373
87 150
740 190
211 879
258 203
514 881
866 867
46 102
581 25
106 616
122 573
808 484
549 117
309 68
930 471
733 260
297 322
798 150
54 144
567 763
692 518
192 788
675 289
17 133
948 693
84 51
63 92
851 104
966 723
351 222
811 945
909 600
891 679
973 350
86 78
437 894
693 167
501 706
394 985
955 817
522 585
151 508
474 125
778 854
524 731
808 562
521 934
89 225
158 870
460 23
683 97
552 207
424 770
85 355
143 652
39 295
553 207
436 184
645 633
462 139
893 635
509 371
954 660
780 823
769 967
3 525
844 729
770 601
61 133
907 774
364 100
371 616
748 469
195 719
665 666
168 510
503 347
51 966
741 123
94 884
556 896
76 893
373 855
578 40
108 506
342 696
312 719
680 270
799 958
305 907
651 68
696 464
68 384
138 449
95 370
824 931
593 358
113 654
82 979
527 299
287 810
343 505
913 589
681 837
786 387
682 656
475 134
50 42
702 278
16 888
443 211
529 608
788 726
816 575
35 890
844 58
928 556
551 702
660 846
684 241
770 385
974 787
89 255
912 809
425 481
337 444
196 121
223 411
817 518
350 684
892 751
70 171
502 475
150 691
591 719
659 274
612 912
111 941
274 725
537 206
523 675
859 141
382 903
156 100
421 106
561 948
753 863
520 195
269 156
415 230
434 527
159 514
144 897
440 532
225 546
614 281
638 758
517 360
840 410
692 416
500 75
51 263
495 255
62 684
367 186
304 457
209 903
741 663
157 457
784 19
538 60
462 376
259 101
956 950
837 896
125 648
162 79
740 293
914 460
645 244
590 932
68 764
100 107
848 409
464 713
497 921
552 395
214 974
59 931
850 608
690 473
664 291
830 30
808 191
392 994
680 534
104 443
354 605
903 334
677 21
920 678
880 196
861 687
227 34
466 357
750 973
12 276
340 175
718 448
961 395
652 139
933 914
418 719
843 228
411 2
817 917
301 73
815 581
155 862
599 191
667 81
156 168
186 262
800 458
91 128
826 205
397 383
409 911
181 210
187 895
310 348
318 757
205 34
448 159
51 210
472 15
731 97
546 76
613 605
459 534
666 104
940 271
607 214
501 648
54 240
850 670
976 744
569 248
436 130
322 650
640 44
903 189
9 505
654 865
625 835
715 225
457 425
534 504
113 598
191 21
338 702
174 207
591 710
348 252
449 572
272 745
435 411
12 307
796 46
294 498
561 273
728 703
464 263
465 797
719 927
495 988
481 255
660 92
110 278
343 256
140 94
581 764
14 938
118 800
303 404
50 991
446 201
435 426
326 501
446 361
206 255
153 885
580 369
708 47
295 936
177 503
491 567
392 768
122 879
156 105
392 375
61 168
469 563
575 3
252 659
692 558
788 859
15 582
631 795
379 472
221 493
570 700
476 853
22 994
695 899
776 528
735 214
719 847
108 85
668 885
286 459
286 658
497 933
606 870
781 222
241 613
575 563
935 355
569 499
111 169
768 332
199 594
456 84
776 560
638 434
696 848
559 850
544 372
555 375
89 776
274 515
520 893
777 286
217 256
45 942
940 89
254 118
766 633
620 726
783 253
864 946
897 458
386 769
920 301
18 951
598 367
611 987
162 642
549 926
333 523
592 284
712 410
384 687
318 875
756 332
439 12
885 265
600 535
562 431
957 296
683 988
168 474
363 248
186 796
294 947
285 639
768 526
774 16
717 227
95 653
147 887
68 578
362 647
466 547
355 807
308 686
469 581
889 155
645 729
919 581
695 147
619 786
268 114
295 497
461 125
934 491
454 99
321 624
929 611
942 306
964 483
489 334
297 765
924 777
237 571
426 102
868 308
642 584
118 738
637 629
405 293
137 804
20 718
7 650
666 96
563 791
934 325
453 230
375 671
410 948
720 649
832 217
567 45
902 307
677 574
150 747
565 14
625 129
852 520
864 203
527 156
231 519
998 188
781 600
74 388
460 460
248 962
962 550
548 215
690 119
454 953
520 799
604 508
375 645
62 409
737 197
250 285
239 6
702 7
192 521
785 449
942 819
4 530
872 36
404 863
822 904
393 439
568 378
592 35
997 73
100 249
223 693
812 846
879 756
548 416
706 474
645 159
262 174
334 113
96 72
406 534
16 811
850 354
603 161
20 310
448 258
600 182
821 735
952 758
226 206
533 571
973 970
531 895
438 312
420 293
895 207
641 600
870 703
576 177
339 937
758 758
472 27
657 817
441 79
343 537
169 152
177 404
702 314
28 941
975 427
996 986
939 866
361 933
68 650
339 345
59 383
19 862
901 18
490 401
113 880
575 812
546 78
434 797
55 434
959 846
848 810
326 605
93 135
60 574
535 214
279 947
258 857
819 363
444 331
115 473
390 225
545 962
243 773
403 145
473 630
593 343
554 770
675 465
131 18
521 920
672 932
395 605
425 352
836 335
647 71
63 855
320 108
937 774
533 523
100 707
426 150
727 502
660 31
172 922
562 39
886 518
434 339
166 787
80 9
61 364
167 330
122 268
270 894
389 554
753 292
61 776
736 695
55 379
810 591
433 305
816 151
796 761
270 276
91 877
165 846
804 150
65 520
622 12
76 485
923 696
1000 196
497 500
151 810
955 520
298 278
716 245
954 134
584 64
824 24
273 653
318 661
764 914
936 813
790 651
920 79
978 55
286 32
703 472
921 538
783 799
931 634
596 962
821 152
99 613
832 817
366 337
110 295
423 928
767 301
721 340
281 429
102 164
861 945
688 200
730 904
448 804
493 479
454 958
567 348
165 134
125 442
332 498
734 180
617 833
662 953
912 268
99 523
482 883
707 191
846 678
616 593
549 10
143 722
639 137
704 631
738 567
334 915
476 668
212 83
230 435
643 457
625 400
142 696
461 72
49 834
431 208
261 953
666 698
316 611
278 838
501 352
991 355
19 161
769 254
36 344
197 682
878 59
220 838
103 535
108 410
126 307
897 282
459 388
64 311
458 824
543 217
64 319
713 620
772 274
599 156
986 309
169 200
946 871
160 905
571 433
1 733
987 959
637 625
144 603
653 854
837 881
210 356
968 963
691 367
317 702
127 766
736 755
152 882
806 206
797 530
692 906
660 500
246 621
666 797
153 111
839 402
702 593
400 401
623 702
564 657
970 273
1000 784
289 683
188 629
943 714
655 82
49 195
724 133
830 325
197 383
970 195
350 799
482 429
330 907
17 262
270 955
537 572
953 372
83 594
755 119
809 964
995 650
160 468
267 664
648 869
102 209
970 514
76 401
223 416
527 870
419 265
557 920
177 551
920 175
768 32
368 818
271 46
864 510
721 714
733 824
919 979
566 591
221 157
815 45
66 204
92 538
878 344
276 197
966 27
236 109
827 529
999 153
574 536
220 713
340 151
514 249
643 710
308 359
681 256
856 990
824 115
276 948
605 339
885 26
786 348
33 175
969 771
535 544
338 490
521 572
399 505
996 189
911 473
342 694
471 756
905 391
101 744
304 981
1000 859
811 97
310 437
696 126
913 645
13 743
220 379
987 450
68 141
472 840
492 265
955 813
883 479
148 148
691 211
723 679
84 783
43 437
718 413
158 793
585 652
945 140
534 977
98 937
933 343
549 821
172 253
697 392
980 690
103 455
569 300
649 595
868 602
692 318
473 698
609 918
268 900
969 183
311 874
163 962
613 144
980 69
260 724
99 487
293 502
365 196
297 312
304 61
32 120
940 386
829 777
532 52
718 54
217 566
634 789
26 235
264 637
491 756
360 732
151 967
833 848
298 838
403 182
857 386
247 101
839 991
213 331
226 160
324 434
621 724
766 159
785 8
467 392
104 840
986 731
718 20
87 67
424 487
51 490
977 393
782 763
943 798
459 514
758 750
687 951
260 642
874 401
159 250
262 869
872 276
412 871
336 353
57 735
853 304
149 413
137 171
193 321
389 432
287 978
690 522
565 490
985 882
802 167
345 158
785 774
601 20
358 269
609 35
357 540
60 398
801 775
542 673
587 299
659 694
887 240
180 741
247 195
805 894
152 291
166 639
56 821
404 37
497 324
439 904
671 58
292 967
154 449
467 640
467 747
446 821
848 574
143 359
425 559
781 647
243 127
861 680
236 279
612 594
845 438
24 606
921 369
839 677
185 978
452 79
805 222
476 637
297 703
337 602
775 200
731 520
951 616
434 308
431 129
894 599
469 588
39 937
351 324
495 554
690 539
474 729
855 92
747 970
30 840
426 294
811 930
922 756
257 195
553 401
200 477
113 508
321 196
111 822
150 191
451 134
256 733
86 975
63 449
41 556
379 509
451 807
246 805
48 946
521 970
852 239
702 271
154 893
178 626
898 218
474 919
408 363
913 676
934 911
164 307
502 30
341 115
61 733
895 59
289 449
831 94
635 434
966 910
618 837
820 875
521 950
455 231
285 487
149 139
667 274
618 801
943 659
900 628
429 508
742 657
968 434
515 75
916 934
227 112
24 826
208 860
715 156
850 902
185 969
792 676
141 857
901 422
641 33
272 271
46 283
679 802
349 619
298 881
139 279
696 204
189 762
30 803
608 986
859 711
538 245
121 701
869 222
367 154
279 41
940 85
651 879
211 715
917 775
476 320
552 297
41 645
111 579
149 125
659 976
584 198
731 750
173 550
558 849
311 504
640 291
65 585
673 561
984 609
249 963
454 408
630 200
230 254
156 541
204 951
287 682
955 598
829 586
161 470
238 107
1 959
612 570
118 370
16 580
643 219
803 208
48 170
32 236
583 741
23 173
357 173
749 386
43 104
573 492
621 434
198 369
593 669
914 269
589 550
48 372
665 391
418 373
794 15
380 716
4 311
730 573
576 904
331 417
59 904
531 862
396 719
287 689
873 492
814 30
461 254
417 529
415 49
833 861
611 408
300 411
343 469
390 302
891 423
725 709
11 898
389 946
323 633
478 961
847 575
930 30
558 286
387 601
31 367
245 149
845 510
957 122
159 130
959 623
546 50
161 657
618 630
912 419
711 697
934 945
377 58
380 752
470 905
215 138
970 468
711 636
538 191
323 899
628 741
725 559
518 859
102 159
535 229
160 39
205 276
68 170
423 262
896 534
909 177
210 832
155 539
707 54
539 564
898 19
34 371
282 266
803 905
660 477
242 827
647 274
254 13
380 420
341 565
689 634
261 853
712 176
937 177
239 291
89 72
453 799
928 538
221 296
517 63
537 648
947 35
779 801
136 368
204 552
205 277
653 901
188 169
298 289
413 202
221 217
551 276
894 805
633 317
888 375
205 4
62 754
644 256
382 715
367 886
944 720
822 6
620 4
898 12
883 465
476 906
39 747
225 933
559 843
789 150
823 624
740 400
725 278
429 93
46 742
548 724
129 814
261 636
532 959
395 110
822 661
2 428
422 482
779 535
421 941
487 105
473 817
481 210
748 174
436 589
112 75
223 689
331 41
481 861
725 336
359 15
125 420
704 480
299 845
442 866
60 926
6 969
430 941
190 531
674 836
643 149
885 561
673 607
478 632
248 635
874 500
829 441
477 348
307 827
365 820
558 667
875 960
902 345
801 431
296 496
106 271
34 467
274 56
604 455
197 635
446 968
111 904
910 177
555 924
24 496
843 343
49 364
393 997
309 474
656 74
26 702
474 635
813 45
708 628
462 824
171 477
710 252
292 905
474 4
23 454
213 634
905 564
469 857
675 70
252 903
110 506
697 132
538 760
316 346
548 336
481 722
136 607
224 933
880 875
263 368
98 828
137 487
716 108
63 109
346 892
480 847
949 387
374 469
241 454
856 934
696 970
244 364
43 809
791 340
502 477
775 141
49 470
412 14
701 493
391 869
764 414
919 887
590 750
637 847
864 29
323 744
348 325
821 75
920 293
320 983
606 243
146 123
446 6
716 604
578 788
703 244
201 744
443 56
4 54
506 156
200 819
7 935
394 162
603 329
988 583
121 128
781 22
425 242
432 156
787 139
874 496
878 236
174 17
541 732
230 437
774 370
709 425
427 238
532 824
114 726
472 747
569 624
271 426
751 610
628 235
887 833
579 825
326 913
554 976
498 395
691 43
426 828
227 641
919 883
70 389
60 631
59 962
52 713
889 6
656 124
851 198
763 178
600 159
104 3
871 435
862 275
621 384
362 312
980 579
377 117
653 318
284 757
420 75
942 743
649 276
871 399
450 450
874 851
767 824
141 568
926 740
724 349
511 387
450 484
339 102
564 230
307 192
219 968
200 371
54 726
188 848
295 546
243 939
123 400
111 849
286 701
72 192
668 610
274 705
61 779
919 990
460 576
363 762
824 179
818 535
489 833
443 107
43 350
48 483
447 454
120 623
611 836
133 900
86 204
693 678
690 533
383 175
21 651
56 875
839 911
536 6
437 41
994 288
581 827
901 574
907 881
306 962
250 550
25 429
219 134
431 75
780 502
462 154
87 251
312 251
719 413
677 896
757 580
365 323
9 856
982 282
512 302
430 440
751 26
960 874
340 40
513 490
538 675
260 728
506 130
771 771
380 166
325 845
357 466
980 258
260 728
456 958
807 302
298 973
866 901
508 959
618 980
438 342
673 220
782 5
335 49
216 884
229 510
771 280
942 614
314 611
345 73
599 531
683 265
433 629
662 288
108 190
231 539
133 989
85 227
841 779
498 851
689 254
60 976
679 693
290 932
935 563
566 466
687 20
259 491
552 774
672 892
892 211
960 401
668 834
275 749
915 801
714 608
678 4
27 187
10 541
347 986
629 508
23 326
118 938
426 756
300 878
692 129
774 84
688 126
659 867
745 881
75 897
231 713
456 326
978 68
441 687
721 464
996 867
949 403
307 746
239 178
431 825
831 991
73 78
569 10
879 920
151 228
809 598
933 632
334 516
7 670
460 662
229 581
902 688
225 646
505 476
1000 577
60 632
595 564
286 852
935 459
903 99
991 774
387 699
12 710
79 778
995 792
839 111
930 695
425 79
839 713
147 639
10 322
961 105
767 28
744 471
420 706
648 402
224 522
174 378
157 494
956 80
342 118
501 768
988 735
553 830
328 82
672 857
93 355
180 560
650 92
73 712
156 842
966 44
608 182
622 111
547 478
214 153
922 857
995 622
692 413
312 835
669 926
542 797
380 803
510 874
858 806
172 417
318 212
717 20
894 69
879 531
296 186
826 793
41 349
409 366
678 913
186 467
888 189
493 772
376 796
949 926
1000 61
80 363
845 641
258 296
486 447
359 502
726 27
818 94
411 334
22 977
403 262
990 429
301 460
111 780
204 913
245 747
806 949
645 782
870 866
752 627
267 450
459 327
136 184
36 974
704 925
475 592
440 202
865 624
318 302
511 665
549 745
704 512
309 444
308 719
583 86
917 52
717 850
106 586
838 182
988 4
487 145
470 877
890 510
857 959
334 219
525 845
419 452
69 137
91 113
230 507
712 335
664 895
287 254
442 240
887 882
622 739
821 532
853 647
381 50
108 636
754 284
721 475
799 965
407 328
277 385
622 425
825 151
636 926
727 371
130 304
998 954
265 262
496 84
440 838
267 910
464 419
872 209
394 402
104 24
396 18
320 398
636 762
276 988
402 981
713 144
213 761
426 281
417 967
770 657
325 302
213 915
251 580
663 424
956 58
945 30
722 666
974 410
678 324
878 838
138 445
575 962
165 881
582 442
996 252
406 96
971 336
306 760
26 146
126 718
338 136
500 364
668 597
216 72
657 422
639 102
770 363
931 196
297 729
637 497
185 763
560 250
367 626
996 191
169 643
917 426
397 321
757 97
693 53
58 921
536 430
91 335
118 74
228 815
374 625
540 16
457 722
440 868
996 103
854 66
413 424
101 271
932 487
752 235
290 81
979 40
565 861
621 119
159 771
908 187
882 49
436 59
961 958
898 150
145 316
528 44
961 655
933 999
207 613
254 805
550 575
9 222
285 438
582 725
221 174
66 526
93 446
164 558
579 354
780 301
676 767
888 460
670 206
357 116
559 452
204 951
543 71
699 871
673 519
721 555
832 779
346 815
772 42
658 141
162 681
91 180
652 184
587 424
139 652
113 510
848 122
216 84
553 56
684 626
401 139
56 627
664 295
318 160
442 53
443 477
750 860
837 905
435 793
136 713
81 31
945 904
659 959
568 411
512 859
706 387
232 146
90 210
915 506
29 642
421 426
806 171
542 244
28 778
87 511
532 85
16 616
892 570
999 705
242 580
266 756
455 509
102 756
752 476
847 984
332 148
485 818
215 780
528 490
820 582
37 908
979 746
940 389
375 301
295 229
314 160
448 402
393 813
515 806
484 921
242 371
675 911
261 655
586 806
668 35
498 663
203 26
105 552
174 76
178 35
371 241
909 802
65 264
461 813
16 658
407 637
751 701
88 299
584 443
322 93
370 217
274 699
345 47
357 928
851 939
794 153
548 361
312 997
440 612
458 505
657 556
890 156
332 946
310 269
945 670
743 683
132 756
344 907
537 107
919 954
83 289
809 879
643 698
90 517
284 68
591 481
402 784
553 225
122 3
85 474
809 998
34 59
258 926
315 449
597 28
632 778
893 224
712 944
568 987
196 564
874 913
916 335
881 396
712 611
546 697
313 541
536 620
90 436
979 503
282 381
89 926
226 703
902 806
846 272
970 592
93 890
215 26
487 414
483 208
761 484
159 910
130 749
343 856
710 315
903 15
412 961
683 89
708 127
601 764
784 784
738 527
49 878
741 586
778 69
150 970
639 39
638 62
807 381
293 513
39 959
452 188
620 546
510 335
280 341
551 79
536 51
584 298
610 570
446 2
425 913
524 671
900 314
560 416
934 985
928 148
688 414
968 85
682 300
120 235
381 729
359 117
507 629
810 973
15 797
297 38
372 81
196 428
505 313
183 431
456 107
362 77
649 742
434 568
326 568
650 451
856 722
814 568
139 272
612 31
641 562
510 967
495 892
574 597
643 186
661 721
513 308
120 128
738 544
169 659
113 357
420 986
686 846
842 886
369 68
824 618
186 34
880 999
904 890
218 686
804 560
550 676
304 378
905 308
184 137
836 324
943 981
217 869
500 844
534 165
219 856
252 23
99 999
954 981
426 622
270 40
475 182
278 349
40 288
616 485
611 831
575 794
124 137
233 390
782 919
833 656
799 947
552 756
796 994
964 406
905 204
604 609
858 570
312 415
646 379
373 446
5 634
801 551
323 571
481 208
115 315
479 6
309 853
24 538
326 277
643 111
554 679
398 752
296 136
622 804
729 155
746 680
782 582
753 584
726 543
551 229
192 427
208 155
105 826
237 436
874 172
726 926
557 27
774 617
378 257
443 886
580 721
458 844
818 273
617 700
859 658
625 885
606 155
832 191
838 79
76 315
496 24
517 410
606 376
172 20
754 777
11 562
13 424
622 846
816 820
364 598
345 747
568 378
386 539
883 272
852 604
330 689
629 425
870 921
742 87
983 523
542 979
247 408
76 172
561 121
789 459
147 11
526 625
121 499
403 532
557 782
808 909
562 692
42 677
633 804
524 90
534 764
638 965
141 301
646 321
276 648
799 723
689 443
203 219
249 2
640 414
882 344
114 99
95 199
679 921
463 116
382 930
337 872
326 770
305 364
236 791
965 967
368 995
295 614
41 933
960 26
498 256
90 50
852 644
540 673
280 567
606 678
684 903
884 36
763 75
372 773
49 87
859 840
207 810
208 298
378 761
822 12
249 269
75 907
174 585
66 794
598 996
927 266
967 610
159 223
373 690
927 239
123 572
531 553
785 562
223 675
259 742
520 669
420 386
177 247
758 748
524 966
880 155
317 753
587 954
8 329
810 504
815 384
503 677
192 355
816 67
661 270
222 576
658 720
610 16
411 198
324 8
115 259
461 981
615 621
227 66
463 930
500 446
912 200
556 447
241 718
340 891
322 924
395 373
757 764
417 703
699 135
106 956
476 720
515 158
261 25
521 147
299 594
397 126
424 935
66 50
823 201
296 777
157 548
558 499
282 262
596 773
94 920
461 940
513 981
252 931
576 851
78 127
406 803
285 216
314 457
127 699
856 17
108 253
124 475
595 397
778 650
255 571
716 632
68 832
562 747
984 189
136 871
379 77
644 393
964 853
150 518
798 394
207 364
427 440
205 667
881 481
901 65
973 782
420 51
826 528
999 605
660 708
533 911
435 834
550 711
447 878
473 954
838 94
985 114
869 97
529 547
229 672
713 739
767 533
666 661
21 575
50 151
550 671
52 341
74 853
945 767
813 49
967 977
438 986
854 331
971 283
896 444
687 114
852 662
194 880
719 710
249 815
305 829
93 116
257 607
464 77
115 364
775 705
708 533
190 493
791 986
943 3
336 182
206 294
541 957
709 771
908 140
472 609
112 685
825 381
141 968
358 901
712 900
967 436
471 455
796 383
434 23
102 521
31 81
617 541
192 395
452 693
120 950
905 670
48 729
322 798
112 146
428 873
216 982
293 435
637 424
25 195
364 728
28 93
84 477
753 202
184 569
844 745
215 903
434 387
804 229
340 972
207 440
773 605
418 621
944 920
705 675
743 991
511 711
186 652
924 720
964 968
164 287
746 653
13 388
276 392
624 495
430 934
209 513
327 626
494 533
904 635
79 990
258 682
936 502
938 68
84 536
6 922
851 942
269 260
116 350
43 963
285 318
250 244
377 574
151 670
958 946
254 607
808 766
784 308
867 342
900 774
473 537
250 398
428 794
325 50
296 733
852 182
249 295
179 247
426 220
371 371
733 809
641 987
521 981
260 373
630 826
94 449
60 553
474 89
563 121
675 224
999 14
611 243
473 374
142 299
68 232
300 648
113 309
341 442
525 314
917 164
322 941
433 840
418 661
569 523
272 634
517 150
919 299
281 255
98 605
593 228
980 699
126 928
243 707
234 619
14 412
623 540
249 909
889 214
463 604
355 853
350 757
610 509
410 141
797 23
684 613
722 328
226 333
246 98
925 989
388 74
794 198
68 565
647 398
41 815
242 625
15 99
34 737
237 143
603 176
93 170
980 451
210 379
171 710
509 878
291 169
132 99
262 710
368 16
11 951
897 789
374 163
781 342
611 260
243 130
350 357
255 794
397 443
767 528
945 205
950 234
355 684
199 587
988 819
4 882
992 458
633 1
173 192
386 534
655 861
734 789
515 278
57 615
61 970
718 70
556 442
403 182
357 546
935 806
325 867
877 620
766 745
417 87
652 264
76 104
972 206
466 346
123 350
360 396
853 627
961 738
6 601
594 814
686 323
391 182
511 676
478 946
113 956
740 650
945 11
587 876
212 964
720 107
386 191
536 479
889 163
220 374
747 633
830 887
556 193
34 735
840 559
782 574
803 224
541 16
548 358
325 923
255 148
861 550
433 410
197 226
827 796
76 646
721 961
111 407
208 33
982 194
797 237
762 749
803 83
354 937
563 778
929 195
858 801
286 333
236 205
98 383
344 18
91 415
881 618
93 122
929 511
687 888
905 427
74 72
460 20
747 375
232 227
644 493
35 591
233 881
738 523
650 377
909 522
233 747
506 296
68 748
612 650
427 328
456 154
695 879
201 321
74 753
800 849
655 926
478 296
388 263
620 102
334 865
462 137
621 421
712 96
957 486
679 587
434 173
300 579
202 881
883 935
792 721
731 735
652 995
953 354
38 956
673 606
955 670
478 265
93 404
168 864
116 781
624 113
279 346
471 945
774 286
148 767
499 654
161 677
87 817
8 456
283 751
927 506
185 402
210 162
740 69
602 291
617 386
244 467
690 258
761 856
559 86
672 637
1000 819
365 936
851 691
847 92
271 158
878 407
815 675
106 164
42 824
613 224
558 88
297 943
107 153
458 156
963 536
142 954
97 602
185 783
772 588
944 891
968 641
113 405
54 971
226 394
633 715
124 335
183 768
627 893
192 315
146 662
920 121
514 946
884 414
151 927
649 460
439 524
285 973
863 677
539 564
705 176
7 823
881 833
363 84
358 313
620 714
666 732
206 779
373 318
937 547
959 771
565 682
971 408
199 449
811 75
451 161
161 126
605 860
40 385
296 605
805 180
804 9
851 744
505 860
281 416
773 989
479 131
944 351
679 200
864 304
325 155
389 494
341 831
563 42
364 116
68 243
981 285
289 728
271 402
715 451
202 940
692 237
186 774
226 125
206 981
998 207
151 943
514 530
296 506
178 661
361 208
416 657
769 595
967 59
379 987
758 735
957 400
425 380
205 533
262 422
8 873
53 145
810 611
912 997
100 542
723 208
126 141
284 981
577 389
282 109
913 59
890 203
565 834
357 593
935 753
749 870
423 896
44 513
425 711
725 644
315 535
477 44
393 785
818 412
557 812
360 942
571 601
630 379
681 68
930 158
826 757
373 356
420 121
698 726
77 808
184 225
439 770
280 47
263 522
743 791
270 929
870 646
828 137
596 498
691 140
530 446
830 540
983 414
572 550
572 911
639 424
78 724
317 358
178 308
120 176
972 707
249 783
273 693
883 353
804 359
913 801
813 924
77 297
757 217
679 457
770 654
662 182
796 216
191 82
271 810
687 671
96 638
941 817
850 342
528 70
807 534
147 74
402 112
959 408
848 413
280 412
776 21
575 902
368 391
44 899
166 181
806 720
206 996
590 775
560 146
180 373
453 168
102 42
215 651
251 562
404 794
364 491
781 973
609 566
36 205
965 579
185 729
366 721
531 491
418 998
109 753
500 371
677 31
676 86
728 167
892 66
652 185
707 104
872 540
40 487
180 43
181 329
553 91
985 61
581 159
817 664
831 13
96 1000
702 675
256 649
931 835
594 421
121 362
269 924
193 41
302 713
678 945
463 373
853 763
710 691
882 975
718 838
783 680
557 291
479 692
202 362
91 200
440 689
897 720
93 168
250 943
88 357
639 368
577 951
124 944
754 380
985 374
186 18
742 217
455 566
968 409
456 495
662 274
910 279
722 792
507 109
435 630
821 525
64 746
717 647
348 643
799 429
953 259
623 23
208 527
590 13
20 754
816 762
794 54
333 583
11 680
444 201
937 473
131 613
932 853
366 192
874 639
981 866
445 584
260 445
449 491
93 405
799 145
573 277
731 515
414 895
622 212
837 455
154 719
681 36
802 909
602 950
206 94
310 188
550 503
771 583
69 700
526 345
140 272
343 224
169 677
280 235
335 236
716 558
730 89
225 485
940 993
578 362
211 946
341 679
428 650
180 949
506 595
784 995
843 723
685 321
274 491
759 773
963 826
738 905
578 213
696 822
257 798
901 840
92 141
730 518
462 489
613 97
716 160
352 284
589 16
459 880
115 319
167 230
865 202
399 73
460 560
866 943
332 971
663 185
466 514
783 526
688 14
214 285
364 202
242 749
289 258
406 91
527 370
869 706
53 509
883 562
403 851
667 780
427 374
266 693
616 785
43 210
555 706
378 599
516 224
39 187
824 488
454 698
777 719
254 873
368 490
708 21
319 81
496 869
12 662
876 367
811 845
430 331
982 954
30 864
588 307
693 51
231 200
897 66
504 933
656 336
220 757
648 13
410 758
107 544
577 900
896 485
810 445
447 134
967 247
409 280
728 27
709 125
906 521
755 66
918 294
356 923
392 986
42 524
373 105
414 772
620 565
331 410
952 714
268 763
76 40
410 40
726 643
18 11
638 478
392 186
139 557
750 59
574 747
613 341
517 858
819 284
933 720
914 647
444 340
245 258
716 138
506 725
125 58
933 965
320 460
835 935
262 548
589 48
297 275
875 668
618 884
728 122
424 462
762 968
594 102
770 983
814 576
397 825
595 862
311 561
184 839
16 302
22 139
314 21
44 484
167 294
324 451
914 549
846 813
540 873
689 266
852 588
262 260
297 476
977 399
678 284
950 306
879 878
757 953
72 760
948 361
341 60
361 110
338 234
492 417
530 397
33 642
910 905
812 645
365 484
484 419
108 808
992 966
550 933
705 375
974 447
7 123
31 404
207 483
936 889
9 672
188 286
57 780
272 650
286 169
713 526
704 59
416 751
356 393
770 27
588 537
655 719
286 907
98 630
500 954
216 140
676 656
52 310
25 987
613 653
738 413
411 359
482 986
143 223
944 386
474 854
180 750
941 394
633 486
985 914
532 158
825 122
509 847
25 824
431 3
344 661
525 478
417 117
842 921
521 65
683 17
452 996
867 471
29 805
376 250
172 880
156 962
891 457
479 894
36 776
64 628
149 591
536 66
541 518
825 732
189 275
922 658
448 882
217 840
166 948
175 301
509 969
370 887
830 363
45 826
210 680
881 618
365 477
218 214
68 723
820 75
421 58
72 679
780 192
365 852
233 730
988 19
536 352
93 287
628 932
445 770
766 853
860 536
177 368
891 947
96 474
568 901
363 123
111 958
290 69
714 773
371 147
5 83
697 923
481 686
222 438
157 905
6 725
93 508
918 304
505 717
94 874
416 406
309 747
488 24
606 624
83 45
701 986
867 815
332 730
569 167
65 400
888 154
391 660
479 566
287 152
705 238
541 743
373 102
200 384
644 619
542 831
449 349
748 71
860 858
438 328
444 932
766 133
2 500
769 436
203 916
54 903
937 543
883 221
452 789
695 118
425 350
575 294
877 769
23 933
185 70
720 727
82 74
622 60
670 159
128 123
279 282
324 383
569 394
83 791
344 677
163 20
521 762
715 883
769 844
115 480
209 168
292 14
964 543
805 240
65 812
568 339
840 348
929 835
455 485
913 772
31 150
858 121
474 754
663 181
477 621
49 658
619 331
927 165
519 11
866 890
621 959
740 824
116 391
7 885
199 603
844 100
386 952
16 933
387 515
198 313
761 448
328 687
312 249
784 142
968 619
727 992
655 30
495 548
981 397
7 428
112 180
542 725
73 135
968 353
919 242
490 835
459 513
947 279
139 989
253 815
559 86
225 608
481 794
986 214
687 882
814 848
32 694
172 723
401 702
93 845
803 486
401 645
450 396
990 152
689 630
898 802
294 884
749 806
880 873
777 883
51 377
890 537
673 826
758 472
841 576
211 635
721 418
381 448
187 142
376 373
988 34
385 600
211 687
743 366
97 171
872 794
858 929
984 172
516 690
946 397
324 256
445 235
225 784
285 134
66 462
232 130
388 381
605 823
806 863
824 115
590 99
186 979
517 219
644 350
623 890
505 782
944 311
828 502
181 904
720 13
598 575
26 775
418 179
875 649
941 868
187 164
354 905
652 686
324 141
410 312
478 399
541 843
697 987
21 781
460 754
245 881
108 634
762 411
130 46
170 934
369 562
231 474
167 712
770 659
579 450
832 678
618 762
895 835
804 317
118 318
215 461
123 683
314 821
752 694
107 936
691 98
744 341
340 439
685 725
219 131
124 932
973 987
621 745
303 791
911 51
561 152
594 236
127 666
851 658
535 413
143 362
733 540
324 22
72 89
31 942
665 74
569 405
183 63
636 423
735 508
257 368
660 626
830 404
226 676
85 737
30 398
321 606
861 574
273 5
791 936
302 635
655 245
28 681
45 383
293 875
106 799
425 652
649 368
460 676
933 627
62 494
747 194
724 742
722 989
638 384
492 5
752 208
111 23
875 782
903 702
367 755
897 506
997 981
515 788
322 139
989 283
735 255
183 238
293 651
968 816
257 474
742 662
968 374
22 779
630 174
190 801
23 596
275 142
887 91
563 765
854 70
884 955
576 279
268 266
896 370
271 243
529 306
273 300
993 384
329 635
330 706
620 823
436 272
469 706
932 162
259 442
647 846
808 997
59 725
188 276
483 213
850 679
379 971
26 433
664 566
9 17
809 237
368 644
183 65
372 654
684 129
54 214
621 223
292 252
88 733
134 164
484 926
784 127
894 601
76 584
950 588
655 65
486 315
72 194
958 34
865 965
330 920
896 936
221 994
382 38
65 786
568 359
229 336
564 307
19 445
536 958
246 677
983 943
625 913
443 666
168 507
100 29
168 66
841 422
236 810
481 89
107 304
666 441
593 19
60 904
112 27
167 126
677 907
261 392
373 167
614 446
304 782
651 895
271 728
123 647
658 461
928 86
765 189
402 683
558 101
143 564
904 857
218 445
366 597
66 194
732 41
712 39
273 118
623 188
641 478
546 697
181 187
427 759
36 522
475 237
646 579
748 763
895 294
417 114
970 96
758 398
942 462
49 935
641 266
617 522
659 990
967 416
473 440
383 608
562 427
786 15
547 214
768 735
662 28
490 228
858 75
319 844
617 802
884 4
189 804
773 946
375 60
938 257
436 479
151 976
208 880
185 388
86 883
158 549
608 510
582 161
229 98
241 564
565 311
126 785
598 11
349 666
138 227
916 210
830 880
554 114
719 617
144 39
167 436
448 626
800 914
150 238
291 666
797 711
474 649
907 697
823 954
59 617
605 477
339 479
786 534
559 251
671 954
488 670
698 914
44 71
441 755
958 929
30 752
383 456
828 832
771 450
581 904
157 160
212 165
786 696
545 806
516 682
680 803
19 905
591 41
774 42
430 175
392 109
776 78
924 270
209 782
157 272
668 576
414 1
70 661
610 424
655 268
823 772
215 574
3 815
663 663
788 142
917 151
573 443
595 890
903 831
12 488
702 65
601 713
809 312
854 615
863 557
843 402
274 887
456 745
998 24
74 635
690 505
874 457
178 255
208 277
475 248
630 232
963 500
875 840
191 113
130 944
760 613
53 296
203 320
921 517
590 373
757 765
840 191
442 76
593 566
59 857
259 39
525 89
742 265
450 660
166 272
83 307
600 978
440 918
695 370
316 146
270 793
591 668
764 648
584 36
668 194
806 359
707 522
423 25
280 426
624 339
945 740
739 895
915 316
389 554
122 598
504 721
395 694
210 997
251 248
424 237
195 314
886 480
152 323
358 600
934 559
734 271
575 755
464 344
715 784
237 692
245 421
702 612
130 854
762 169
366 785
584 46
384 845
598 956
992 169
552 771
82 594
715 323
442 370
494 945
81 720
342 815
769 674
647 188
371 71
891 761
280 633
964 238
882 889
931 28
742 459
715 357
152 103
273 85
552 191
778 188
396 607
548 828
436 435
834 648
951 718
858 294
520 108
962 227
596 2
219 750
328 981
232 370
507 55
607 88
989 781
166 449
583 630
639 761
170 204
336 961
91 804
708 21
551 191
275 570
609 996
44 655
629 311
584 985
93 785
416 727
287 508
449 600
194 738
633 532
752 362
960 36
256 375
1 97
35 1
110 735
595 667
809 986
710 419
672 651
881 486
377 791
255 588
482 912
849 239
159 330
553 506
919 833
285 814
233 254
524 192
743 595
802 61
693 914
481 700
583 180
179 117
23 335
812 436
748 139
682 409
88 343
639 8
91 59
536 393
419 828
216 152
788 682
532 950
443 892
802 997
501 859
449 134
412 198
76 352
726 121
512 788
948 456
635 464
711 273
807 711
707 554
563 36
956 937
228 538
627 935
380 204
149 958
448 313
295 364
956 14
477 877
780 24
347 107
996 864
692 622
663 685
704 145
463 595
292 983
31 557
346 985
309 872
424 334
616 501
375 319
603 491
459 150
382 141
924 327
997 684
476 14
86 444
784 328
888 707
190 618
216 17
85 823
943 866
5 7
833 6
612 788
880 641
55 544
7 142
75 402
543 219
696 517
143 74
743 432
108 966
160 375
215 525
96 304
961 232
500 250
522 501
907 15
109 593
183 939
677 796
566 242
830 826
325 633
684 502
991 226
93 910
301 853
725 588
858 953
877 678
926 421
834 704
441 612
357 874
57 967
625 637
947 624
345 796
519 1
239 823
994 199
16 497
810 129
962 435
637 127
606 735
202 817
377 945
833 57
120 758
195 445
61 799
648 20
204 11
928 750
667 131
142 299
637 868
821 248
77 114
98 927
502 186
211 910
793 918
369 708
667 236
680 183
274 387
352 93
424 572
105 681
835 490
426 942
39 868
718 610
202 263
849 43
766 26
616 375
272 755
646 346
259 659
944 667
584 294
547 17
657 602
356 951
18 853
803 19
926 819
196 171
574 940
775 237
291 357
509 247
108 417
723 436
853 758
880 986
530 671
411 974
83 888
462 22
483 336
568 697
393 206
76 9
161 929
508 592
946 826
521 782
440 326
161 419
517 339
96 540
312 351
683 465
441 981
805 611
653 715
463 504
460 210
617 243
574 324
352 285
488 141
411 516
545 977
730 779
937 761
425 604
351 381
502 668
639 910
863 464
324 810
394 254
582 586
152 867
636 935
496 782
516 588
111 676
697 862
290 396
704 173
923 978
755 446
282 351
355 751
332 975
332 934
419 296
808 94
657 69
875 380
52 986
624 231
200 370
656 608
992 3
297 90
512 149
909 828
936 255
557 226
95 616
682 49
279 483
758 3
851 425
489 796
290 928
710 991
469 429
491 378
550 452
26 922
264 397
16 815
937 988
412 859
216 539
202 340
78 500
794 987
822 774
473 862
978 6
513 652
463 899
771 336
455 843
409 59
163 830
663 722
823 972
185 330
197 842
344 562
142 447
664 379
274 502
107 981
12 934
43 53
290 516
438 105
644 382
814 666
44 691
117 134
708 537
831 951
852 996
398 726
107 152
94 906
244 135
997 374
111 72
282 494
463 90
581 364
205 812
588 349
631 443
410 644
558 862
952 487
762 945
538 431
940 425
635 731
882 482
95 145
180 170
206 672
378 408
630 399
449 524
227 199
275 130
446 433
518 148
365 691
205 178
596 880
537 156
175 878
852 723
220 151
176 364
7 621
956 738
587 406
276 439
297 815
826 204
744 54
730 974
244 373
298 970
829 767
278 408
42 988
614 944
610 121
440 930
674 306
921 217
8 593
679 703
624 20
145 181
401 169
912 343
294 485
831 984
471 416
839 681
841 276
390 412
180 590
562 604
322 73
771 688
134 598
238 46
252 379
810 393
842 625
795 961
637 453
897 745
216 572
119 21
383 909
784 609
859 394
246 680
312 614
931 171
101 185
371 745
422 953
950 265
498 123
286 488
107 598
879 292
548 493
313 47
510 202
881 966
89 816
369 837
156 390
121 952
130 916
114 966
881 755
646 887
370 415
256 298
816 230
205 14
295 132
505 476
863 135
620 840
791 623
12 577
682 827
288 7
455 749
919 885
306 68
635 488
283 730
745 405
614 302
715 793
17 565
209 532
177 326
538 182
212 420
634 388
630 58
543 936
557 849
481 919
464 187
236 374
730 720
635 218
380 874
287 502
474 439
528 95
194 207
300 821
35 750
645 997
430 388
281 367
359 429
145 604
564 700
915 926
956 514
149 982
866 376
310 522
812 542
277 360
815 114
390 816
971 627
194 521
167 200
758 406
68 244
561 879
60 859
443 766
239 436
293 53
355 537
809 786
913 716
866 909
648 648
467 42
192 357
121 304
639 647
493 145
843 169
247 89
777 602
784 830
296 768
339 147
621 687
314 697
878 438
213 278
528 613
105 712
227 770
784 223
88 873
450 697
508 30
629 303
604 143
290 996
683 930
1000 154
644 132
468 155
434 738
272 36
854 50
502 829
376 605
44 39
887 278
275 610
276 105
236 641
270 304
369 771
334 83
740 984
265 711
341 368
694 495
317 322
300 570
118 565
14 404
46 11
936 701
384 24
157 685
166 719
531 430
678 64
180 240
235 571
767 99
830 567
45 922
713 131
155 848
771 20
956 122
314 552
689 95
927 848
142 348
338 577
433 976
470 928
793 505
139 821
891 222
498 825
879 317
66 74
711 425
800 64
381 716
576 968
985 417
109 104
370 941
854 545
971 284
815 987
776 472
804 4
35 305
265 632
484 784
926 390
716 218
419 920
319 815
95 871
654 689
215 22
406 866
687 943
447 538
95 539
86 270
652 478
384 371
506 535
130 355
928 361
793 759
715 371
679 435
87 359
373 368
434 832
158 392
984 431
219 658
262 516
940 156
791 127
318 263
838 307
474 723
204 851
659 902
731 739
265 596
683 295
513 516
439 199
704 562
696 700
21 167
908 16
848 378
124 281
958 282
620 912
456 493
636 238
58 655
889 700
856 474
932 601
921 962
403 175
464 140
958 115
910 617
115 233
491 423
706 515
898 747
456 950
784 444
113 312
955 876
722 923
781 730
498 336
846 542
395 58
774 328
732 297
961 429
117 1
414 852
960 745
851 794
865 294
903 583
507 24
33 780
391 611
344 23
636 541
529 113
207 797
305 478
63 753
826 49
707 82
74 224
121 148
481 942
212 187
395 180
874 879
160 870
873 223
643 968
72 711
708 900
669 728
319 479
515 991
20 698
582 622
979 291
57 20
539 625
626 720
367 735
953 626
732 351
157 292
792 319
540 495
925 960
666 282
135 631
918 261
107 663
362 871
809 509
24 923
838 574
159 940
115 625
988 62
593 883
941 587
718 653
391 86
563 306
352 20
469 113
585 710
843 757
741 702
804 313
377 3
753 865
82 142
462 335
772 16
355 456
129 331
250 240
152 971
791 740
999 921
87 908
174 287
876 278
381 749
837 968
656 695
186 215
978 562
293 503
781 780
211 523
957 83
863 690
645 119
550 598
802 583
894 358
670 295
457 549
486 81
529 981
568 411
900 238
248 987
213 808
350 35
722 186
29 877
790 818
326 537
320 607
834 845
937 268
132 973
156 837
872 839
880 869
783 530
554 716
323 111
392 950
788 269
306 945
390 941
934 924
1 374
436 298
289 739
297 569
219 562
718 253
333 918
127 550
550 426
756 487
32 479
626 252
43 289
383 263
539 292
219 502
922 565
37 615
890 432
821 828
392 598
996 442
458 134
110 166
191 143
603 853
240 511
977 267
189 316
301 613
421 305
214 547
475 319
507 835
924 330
903 242
19 558
906 794
164 77
956 582
145 395
245 137
755 1
819 80
175 83
967 156
933 547
66 570
292 656
48 784
742 15
995 933
272 381
118 154
538 543
206 786
454 24
30 169
714 515
109 248
556 533
527 726
540 733
34 141
185 495
709 738
870 832
831 662
913 452
801 695
779 928
502 682
877 889
56 935
271 739
627 236
737 73
864 958
885 746
504 447
850 155
721 706
200 838
679 424
717 806
75 727
48 532
438 627
310 310
780 715
485 252
129 24
30 492
321 251
151 11
953 183
302 328
545 658
162 437
90 54
57 126
310 845
808 859
210 519
772 539
535 15
624 818
74 347
89 796
836 666
821 892
309 909
314 721
676 704
628 329
784 902
428 734
509 522
843 604
688 858
76 643
562 448
233 492
286 919
142 704
198 434
113 753
294 566
649 340
941 594
826 977
342 682
881 435
277 978
704 291
519 828
483 169
474 700
10 428
943 14
473 599
257 491
158 943
937 31
441 646
151 175
365 954
235 808
198 904
147 839
305 8
944 316
554 78
533 81
571 252
374 247
972 828
89 831
428 679
210 945
105 301
307 933
763 453
297 963
930 743
11 136
189 560
465 63
68 886
637 348
193 79
405 689
818 948
542 148
21 929
581 936
528 184
512 727
378 574
345 647
948 585
25 686
814 193
736 892
362 469
33 541
249 698
284 759
101 176
467 341
15 980
223 768
735 729
206 638
203 421
105 501
460 300
613 424
227 290
219 109
49 423
428 494
363 870
795 816
265 312
404 783
102 109
142 605
419 905
845 710
345 151
420 240
429 262
460 850
511 830
92 40
457 162
482 532
499 810
587 900
771 174
277 53
13 668
547 119
648 580
123 428
795 137
126 546
560 573
11 670
937 197
778 204
255 333
25 280
841 377
675 268
512 819
955 193
772 44
769 888
631 598
810 519
1 530
645 862
121 584
234 805
437 962
888 723
213 569
794 235
651 126
231 135
430 915
682 977
893 905
250 25
18 323
898 948
927 617
835 189
255 888
885 334
706 303
62 504
268 49
2 872
49 816
734 219
833 894
995 743
438 691
374 860
347 394
324 626
544 280
506 961
769 608
596 554
676 951
774 73
832 966
663 714
934 48
307 168
28 554
161 147
583 605
536 832
713 607
204 978
402 21
501 102
699 154
411 752
155 826
865 134
613 665
683 210
358 724
602 999
211 928
900 124
919 147
494 367
514 111
975 409
2 418
889 118
807 527
973 984
101 353
684 102
541 597
712 974
265 381
224 789
388 415
172 9
421 691
429 620
277 680
134 943
929 106
188 983
291 358
918 460
930 8
39 620
953 197
582 643
573 283
170 496
795 287
911 971
600 899
528 243
420 993
812 93
460 724
333 520
984 777
595 770
395 285
862 610
93 827
499 809
473 336
905 815
669 721
401 516
534 989
565 242
418 60
521 767
333 592
607 321
396 875
90 517
851 419
252 427
688 456
952 131
238 114
209 888
847 102
962 579
324 513
403 382
683 221
710 946
716 476
827 933
774 552
307 446
142 688
534 758
401 296
18 591
199 7
371 947
629 869
771 512
675 255
537 289
837 404
184 507
919 529
442 263
36 197
254 457
67 15
315 655
60 887
190 101
92 977
427 75
912 932
873 531
755 512
726 505
699 251
109 733
832 17
199 769
693 257
900 116
487 259
996 915
811 881
529 226
906 719
521 157
163 115
360 860
839 384
213 191
336 857
1000 167
79 760
903 119
648 451
392 547
847 456
668 756
690 200
311 392
121 670
568 788
691 687
272 557
123 77
71 737
58 470
211 688
726 265
76 568
828 650
291 793
530 773
904 453
824 414
278 909
210 3
58 432
704 789
552 669
779 16
633 684
427 393
549 179
980 720
713 188
204 211
801 503
418 373
561 531
237 464
283 54
285 805
466 658
506 123
260 17
210 680
963 346
730 686
196 175
299 471
883 727
370 400
386 666
782 345
747 900
38 937
282 154
535 166
151 595
936 422
563 369
329 836
284 819
252 142
26 785
574 450
9 252
80 16
162 555
766 479
51 822
734 93
571 214
515 345
121 86
226 831
96 985
699 63
621 950
933 952
808 752
959 427
15 125
308 547
535 822
668 871
968 947
133 988
931 735
808 686
735 744
636 818
784 236
724 896
884 980
772 491
505 198
673 254
364 618
639 673
434 503
90 814
222 341
816 674
345 823
813 515
747 307
677 263
409 555
545 618
869 886
95 321
800 274
107 130
593 324
643 920
697 233
739 587
363 548
703 714
322 440
565 248
747 22
187 290
612 52
529 351
398 41
71 703
891 284
45 512
480 83
947 188
745 410
881 494
548 352
789 70
9 529
630 517
703 441
264 371
469 388
264 891
419 193
893 442
60 529
494 990
235 221
546 7
936 544
10 187
877 660
558 909
446 916
84 493
142 801
684 896
353 790
983 451
188 878
315 251
408 913
186 118
95 902
835 794
767 391
319 345
560 380
93 108
96 465
298 281
656 720
905 263
355 607
702 745
354 331
577 275
23 245
743 425
201 929
270 314
310 948
594 537
215 916
314 510
245 207
762 375
320 163
463 328
750 913
621 599
250 651
559 342
314 892
755 222
381 658
318 604
805 229
768 603
659 794
582 627
341 692
235 830
791 250
179 369
963 896
468 633
132 79
985 890
279 506
284 802
800 934
70 17
906 668
126 444
848 993
548 168
704 393
463 660
66 213
545 851
878 86
209 182
921 395
489 124
601 604
535 76
132 789
537 199
683 561
599 557
398 520
485 852
670 782
296 991
937 239
996 635
678 780
89 461
521 856
160 737
406 281
458 755
518 320
493 577
712 318
68 734
373 592
273 960
948 32
461 505
163 521
997 476
236 645
652 494
624 836
100 605
243 198
596 936
957 209
229 399
307 31
426 671
364 468
424 836
431 680
763 442
7 706
714 190
46 721
56 320
961 422
72 386
945 233
96 907
860 453
27 77
817 642
625 507
807 67
304 598
799 659
635 53
129 55
339 694
522 763
183 594
735 768
157 857
79 762
948 962
183 33
170 123
883 15
841 274
983 805
740 504
744 971
19 997
898 285
986 868
932 109
393 62
180 964
40 7
951 750
767 38
255 144
752 420
987 637
538 152
471 726
389 798
891 216
521 114
871 396
132 913
24 913
105 201
489 548
546 388
970 41
675 885
892 707
173 180
438 600
139 367
481 767
927 73
239 618
604 27
308 626
692 1000
560 308
533 129
75 459
444 927
91 269
52 501
502 440
363 152
183 292
496 188
10 588
543 504
411 5
753 685
56 946
14 291
407 51
217 324
750 154
136 212
355 987
108 621
464 699
20 438
452 303
931 16
78 568
49 489
118 459
117 466
853 176
44 412
892 147
363 804
296 681
293 400
41 899
424 923
786 56
356 671
122 845
848 19
207 323
190 82
58 964
92 353
142 221
534 328
439 778
478 879
638 425
558 781
592 532
760 818
913 744
308 162
578 44
76 287
154 57
6 436
564 705
65 107
474 368
169 667
216 362
217 111
339 144
859 145
686 957
62 662
908 882
85 646
110 650
943 616
358 641
969 757
184 22
349 109
730 819
862 645
43 80
977 455
602 414
784 193
480 846
709 183
759 56
518 254
333 646
143 319
929 310
377 472
826 398
225 940
162 926
22 951
698 257
327 677
868 675
744 21
906 759
273 780
690 584
249 44
882 719
880 513
424 364
656 701
470 519
763 230
385 828
123 124
868 988
319 419
571 241
740 488
540 592
317 115
342 659
326 87
559 472
707 673
957 509
233 413
470 186
689 591
16 694
552 712
326 27
8 409
885 877
922 178
613 520
389 390
208 122
406 724
811 539
923 255
887 502
47 854
950 109
810 379
800 202
161 408
840 945
270 939
997 334
426 209
631 46
7 720
955 257
558 402
369 127
165 368
622 518
55 599
931 789
595 923
503 781
390 667
658 832
426 783
347 728
601 374
681 700
259 1000
772 378
618 15
475 164
731 344
727 565
691 165
249 751
157 987
161 875
961 233
269 896
954 547
163 1
22 942
291 100
899 507
944 786
148 460
551 858
835 634
272 891
876 275
454 295
873 446
77 64
212 160
519 770
724 848
358 79
598 740
307 271
565 421
366 35
577 248
240 273
154 457
705 284
245 168
422 864
189 295
792 502
198 756
124 618
248 569
74 747
393 667
201 657
775 96
143 759
173 993
92 160
643 11
323 684
673 811
846 938
751 280
130 614
556 545
948 896
675 142
445 102
833 215
999 627
710 973
931 399
68 870
153 542
323 760
196 295
633 609
207 336
622 932
166 473
275 955
755 22
700 384
661 177
10 21
688 435
372 858
953 179
948 686
140 682
276 267
50 500
348 399
611 288
524 549
887 193
358 551
359 28
200 86
980 757
266 378
823 861
750 251
36 926
838 124
196 693
538 657
662 835
242 44
931 504
288 150
692 813
274 553
424 602
354 354
875 381
616 392
567 856
854 532
850 653
528 64
438 854
39 416
247 884
20 78
614 189
550 468
85 338
17 359
322 183
38 483
894 13
609 897
364 436
280 475
820 543
838 555
290 588
543 199
360 911
380 583
376 96
755 655
171 754
466 948
709 69
253 594
943 993
588 452
397 23
741 338
610 473
960 631
200 721
935 13
116 441
15 212
431 671
563 523
346 725
62 158
849 777
928 38
706 365
53 724
914 644
177 883
954 880
255 583
400 461
427 547
745 152
601 24
192 679
707 740
118 728
722 71
483 544
797 313
952 21
825 337
696 362
186 184
837 887
207 695
26 885
872 211
339 485
149 911
803 245
706 821
183 960
12 328
487 141
319 263
706 555
919 875
127 307
607 964
813 110
877 596
892 120
854 220
365 691
635 881
122 873
15 711
827 605
118 36
150 633
169 762
612 235
928 703
332 397
16 761
673 408
729 700
151 568
918 20
308 2
426 628
217 993
399 190
217 776
860 235
568 377
42 143
983 445
572 153
754 324
741 701
315 456
150 564
862 751
563 212
877 573
175 633
397 650
129 765
696 38
183 588
299 942
653 214
754 233
217 698
972 86
518 948
622 800
745 191
690 641
247 953
236 871
991 241
256 913
768 422
604 678
376 284
645 860
354 969
557 412
567 440
539 246
494 596
18 529
961 958
55 804
790 638
995 733
460 252
945 434
385 504
311 781
128 101
251 951
893 655
214 638
430 541
176 126
909 947
208 560
204 596
921 327
55 209
492 76
122 391
481 135
578 959
939 102
822 25
614 326
742 852
685 274
848 505
876 201
113 771
188 597
20 842
544 545
841 174
438 407
66 405
604 603
720 421
310 222
600 144
753 484
975 744
126 40
582 507
107 259
341 699
637 335
905 246
171 567
182 937
686 369
696 52
736 829
617 122
533 878
480 189
692 465
734 868
912 625
728 351
973 954
779 481
746 995
152 52
732 117
264 222
952 79
933 48
234 184
56 713
764 735
207 266
961 820
638 189
568 670
698 799
871 674
998 576
449 553
810 976
602 408
884 704
643 403
243 217
611 999
312 970
201 327
988 741
756 717
213 770
587 962
4 610
430 18
816 928
2 821
408 675
36 401
83 25
543 735
839 855
187 640
352 161
163 96
948 592
746 424
14 68
820 207
873 802
13 713
127 861
538 731
834 267
863 553
183 30
581 165
394 735
589 973
32 285
528 503
495 800
608 577
185 541
557 840
684 73
756 798
657 894
999 111
534 364
510 221
344 884
585 317
602 130
940 508
954 178
95 696
123 347
163 508
149 146
953 903
820 25
344 355
287 2
276 671
652 534
242 71
963 709
667 26
805 364
853 93
118 798
132 257
838 213
925 639
371 870
737 476
343 297
135 380
607 885
855 652
114 192
231 683
665 653
683 157
170 176
212 648
931 679
614 437
600 158
811 625
784 643
350 711
798 818
193 927
266 343
295 633
110 80
25 771
4 465
292 219
280 720
226 465
574 287
47 934
405 832
515 284
810 713
290 951
360 871
941 855
660 400
32 326
355 274
480 581
782 395
367 777
551 816
194 315
366 973
584 114
681 23
225 222
901 272
689 200
573 130
444 475
519 17
466 728
894 843
245 262
619 730
259 466
148 879
447 381
924 909
24 307
260 881
100 464
899 746
472 114
998 732
898 24
522 77
115 95
690 338
88 234
507 367
450 333
443 724
805 477
913 30
96 628
823 184
728 352
655 929
32 67
774 709
467 649
103 382
165 609
307 372
865 351
996 208
905 291
801 785
241 45
477 64
330 502
903 313
636 445
878 617
907 556
230 540
277 252
947 173
630 568
46 823
180 736
987 358
335 369
553 219
983 291
15 766
969 770
342 564
448 742
835 730
716 762
740 9
703 674
156 936
64 572
77 467
500 222
291 804
554 761
555 663
666 256
551 741
276 452
795 743
960 629
569 663
844 123
580 700
768 117
364 12
724 332
160 797
288 849
896 108
996 382
387 85
988 953
382 291
929 146
214 754
662 183
86 253
582 464
859 153
579 625
565 504
744 508
659 624
392 320
199 512
466 292
808 57
235 42
670 299
63 608
324 457
144 445
696 416
637 660
772 284
453 254
569 469
702 770
981 4
40 520
318 370
814 844
205 365
395 447
463 466
718 402
245 471
44 980
38 234
930 49
299 653
694 439
827 149
956 298
33 622
657 125
381 150
745 615
747 818
734 261
706 567
633 328
638 936
65 972
395 700
215 703
18 82
722 679
347 897
670 693
58 302
510 946
766 694
837 766
315 756
488 465
189 710
118 684
310 698
948 630
946 858
540 1
868 50
980 53
644 155
621 821
364 909
111 338
43 847
166 844
506 79
760 99
231 525
947 716
665 453
302 315
324 437
193 13
843 638
687 410
302 815
830 364
385 916
679 411
678 475
189 922
655 474
604 136
131 56
454 905
844 931
619 453
491 66
475 585
103 108
378 455
507 957
953 410
373 136
494 213
81 188
985 891
341 542
483 720
757 5
758 171
963 139
590 998
363 884
28 421
382 262
206 156
601 657
940 605
293 669
422 495
718 657
744 97
541 767
875 900
575 982
281 5
230 117
646 722
198 381
775 297
577 530
343 811
86 507
93 800
323 16
856 367
8 824
259 792
733 978
146 64
639 596
134 794
141 753
158 663
795 506
181 616
459 316
476 634
544 629
302 477
482 678
299 694
278 450
935 689
845 641
97 120
552 783
897 12
927 699
980 644
973 25
774 368
94 410
28 300
690 416
420 461
236 898
293 913
460 345
839 272
469 499
156 958
537 313
60 775
826 589
54 704
566 581
437 308
723 165
741 355
378 543
390 343
511 46
607 449
611 161
129 840
87 744
457 202
930 300
982 333
458 296
356 907
64 493
976 502
185 587
834 417
655 261
1000 8
288 947
170 389
114 138
940 617
695 650
473 116
808 330
628 737
469 384
605 854
630 435
90 71
354 208
488 665
810 313
85 389
860 770
831 357
774 648
20 205
847 29
16 568
978 478
99 902
732 248
744 883
868 936
160 560
942 770
717 260
455 12
863 109
163 853
329 618
529 186
160 792
610 808
7 948
969 450
714 497
791 914
103 707
667 225
116 268
999 250
485 328
170 75
464 141
222 933
419 408
429 700
939 28
414 314
655 195
859 266
16 133
716 14
786 355
457 904
708 710
122 573
961 443
180 348
440 442
995 19
761 511
557 994
625 57
565 623
191 746
873 458
752 369
799 964
610 355
100 631
775 131
58 965
577 504
357 853
972 799
231 885
741 520
616 277
934 103
2 555
174 498
715 43
768 636
827 688
530 257
428 848
593 344
837 208
949 229
717 943
99 243
812 171
250 212
504 625
46 416
589 777
782 707
151 828
242 931
866 726
986 650
439 185
749 188
762 770
623 169
333 93
357 362
488 393
461 928
873 297
305 87
800 260
931 505
641 14
887 964
940 607
691 747
94 678
337 787
870 666
261 66
524 131
81 670
619 188
922 944
618 919
874 110
279 101
611 507
885 848
562 13
538 405
687 104
542 965
254 568
373 500
190 18
542 27
9 190
380 999
162 25
586 449
675 242
551 382
910 871
172 233
893 403
482 914
351 622
476 192
773 350
267 512
52 986
899 158
494 253
731 72
972 14
987 666
259 489
973 284
842 273
970 866
895 87
721 516
575 186
274 808
615 265
958 826
78 791
219 868
59 421
115 339
851 449
643 220
821 324
27 526
526 290
437 891
1000 176
107 674
146 599
546 752
44 302
956 781
280 692
765 136
617 152
477 158
477 909
908 40
98 176
766 614
452 105
521 693
480 461
909 31
678 819
414 561
721 854
235 283
570 367
602 801
322 218
921 814
18 901
909 27
593 954
362 448
77 354
256 903
527 104
76 409
476 438
611 76
887 503
627 510
779 704
853 60
410 925
465 576
389 756
168 608
812 76
251 496
251 622
500 880
974 560
870 826
899 754
506 547
960 237
42 153
258 556
220 598
501 744
465 382
35 545
663 232
696 609
639 186
734 397
518 490
1000 290
528 524
779 203
667 680
565 165
821 868
989 182
966 745
462 608
676 941
867 869
646 224
722 624
826 746
600 640
446 886
649 462
887 491
738 752
96 405
491 178
214 245
66 852
636 90
487 954
415 973
172 89
450 3
502 70
945 46
604 165
6 352
556 323
450 444
294 270
843 852
448 321
517 347
930 168
593 691
219 473
120 92
834 35
494 73
250 425
187 743
108 492
704 824
126 442
864 403
651 65
582 382
1000 93
218 488
947 661
648 474
508 418
929 111
70 831
584 465
196 842
890 284
720 405
194 319
177 521
402 529
836 10
119 357
524 821
155 874
282 450
265 234
843 405
856 524
289 220
743 403
573 753
245 469
588 365
803 660
637 885
987 96
185 944
980 476
511 514
538 592
185 462
553 263
787 465
168 171
901 976
377 130
933 498
746 347
214 167
286 711
745 736
710 923
42 740
587 645
783 261
703 534
7 437
925 720
163 584
903 642
136 122
703 722
30 981
453 816
743 747
852 868
468 777
908 359
152 549
11 355
572 155
641 316
759 769
17 618
195 650
853 786
454 211
167 989
496 73
528 740
802 326
925 74
252 669
669 936
60 690
973 854
908 840
801 153
932 692
695 742
833 712
990 469
979 450
269 309
208 889
872 648
837 743
194 215
804 418
560 74
470 383
624 92
476 75
547 911
425 81
715 84
245 339
188 101
174 503
326 739
914 869
180 692
420 639
183 148
104 15
704 361
913 576
874 819
726 770
21 640
53 977
509 497
667 165
638 660
809 491
897 242
888 747
475 26
836 950
282 399
468 668
789 344
692 798
97 191
792 263
742 30
977 646
876 646
83 577
129 865
619 472
224 156
50 320
790 993
313 19
239 646
245 77
802 355
579 220
776 605
667 988
527 753
927 406
922 752
163 155
439 282
543 359
769 857
338 287
428 380
606 989
82 817
590 918
323 154
967 441
893 653
723 384
199 718
814 495
486 786
442 676
446 61
109 824
271 350
35 354
912 953
912 367
925 604
125 339
908 273
503 616
307 427
546 524
54 171
215 871
766 488
802 911
582 766
906 642
314 450
718 975
489 700
909 339
107 594
956 742
583 596
351 594
260 297
387 548
307 319
683 667
140 943
866 1
257 86
128 443
370 861
757 785
395 47
101 193
826 277
817 391
940 184
358 962
62 282
550 117
6 952
928 508
986 84
531 293
937 467
498 730
911 578
291 314
608 883
370 655
678 47
195 175
287 88
741 491
515 944
325 510
441 663
857 712
27 109
597 707
402 188
602 755
499 261
244 777
874 552
354 394
265 100
142 336
278 804
438 930
411 595
189 725
16 232
878 857
607 208
999 8
257 459
153 298
107 992
996 4
250 411
373 395
11 803
920 50
285 540
915 482
558 462
882 884
965 707
679 693
704 649
867 954
33 881
594 511
582 582
47 186
74 699
413 4
509 725
554 283
424 586
401 351
120 423
397 201
649 732
87 137
413 184
723 675
100 762
417 405
587 615
645 66
412 801
389 201
443 841
812 389
595 318
793 804
429 205
431 956
491 476
474 665
669 92
130 471
500 745
963 851
610 376
431 795
394 242
581 240
115 872
446 553
170 489
668 258
444 752
578 539
518 139
202 788
981 375
664 362
661 164
792 804
669 981
725 762
822 519
741 403
812 88
958 665
530 903
439 279
313 376
938 50
527 473
804 330
824 432
247 498
203 651
202 940
790 358
994 445
877 607
11 94
507 445
79 877
392 547
915 429
65 557
157 583
236 2
651 30
190 638
706 784
633 738
977 545
494 30
939 218
270 868
230 211
185 319
13 925
48 569
190 219
325 893
378 391
386 566
900 790
31 682
441 419
967 465
363 627
378 125
412 889
961 177
220 996
809 315
969 86
278 84
477 93
274 569
778 695
308 601
678 837
868 306
193 726
711 225
495 18
906 574
667 277
60 805
197 718
728 304
804 948
740 391
492 909
716 626
257 497
309 811
126 465
314 436
680 221
453 801
451 641
970 139
896 775
69 28
53 312
595 943
33 763
882 439
179 41
398 248
153 505
897 689
466 729
85 788
196 88
964 733
525 634
584 972
490 530
124 52
513 263
390 783
811 732
195 86
923 260
551 783
869 115
549 477
472 802
546 254
897 576
594 739
989 872
954 200
698 551
970 6
12 455
693 786
976 159
379 555
285 836
345 406
281 963
426 386
653 937
340 992
775 744
894 923
252 459
734 259
365 921
569 806
188 944
825 965
990 561
79 932
555 408
563 866
624 526
136 625
448 505
965 114
693 250
977 921
491 406
692 660
134 914
949 707
141 248
313 162
585 997
893 937
436 742
650 449
652 748
964 13
656 934
979 225
500 552
741 154
701 738
295 992
382 748
702 419
86 985
44 569
331 738
754 94
271 603
919 178
958 165
528 360
378 259
586 298
756 750
765 483
427 800
732 953
504 465
477 686
844 367
691 656
963 410
340 786
207 297
839 193
960 729
365 183
949 76
200 544
33 383
805 645
964 226
448 560
391 695
93 6
697 804
976 539
188 641
948 904
119 866
786 300
940 318
955 593
203 605
950 599
741 847
788 981
606 462
104 820
277 688
917 53
433 85
724 526
711 280
637 225
697 813
378 739
696 73
988 373
73 577
160 909
977 464
673 921
575 599
581 973
530 489
36 820
44 591
379 23
630 193
962 411
21 908
712 980
893 307
786 395
362 928
659 964
372 759
47 905
345 330
387 719
591 291
238 535
464 704
45 955
576 863
813 918
209 780
18 527
6 447
489 588
863 504
110 196
781 458
921 584
553 652
271 661
138 655
741 83
98 681
298 946
253 744
135 688
279 880
619 940
702 458
999 898
281 46
527 215
717 220
813 896
43 297
52 888
655 73
875 33
612 950
920 933
19 952
558 739
488 935
905 586
567 142
811 675
495 795
544 615
33 213
538 500
311 523
367 996
266 26
613 262
888 694
92 700
531 278
617 424
724 195
936 521
897 816
596 219
275 576
887 295
593 447
950 159
941 109
15 443
302 793
831 369
816 532
367 692
572 363
364 174
222 104
166 393
648 556
530 962
958 728
562 736
565 55
603 812
965 233
962 92
366 362
297 59
964 850
86 592
556 786
857 138
351 958
631 873
824 440
75 605
69 705
494 324
979 888
751 637
350 314
684 203
759 688
717 530
27 173
700 335
202 897
358 965
547 554
199 262
730 451
94 729
340 98
948 764
822 81
325 404
144 678
221 725
287 855
328 94
669 550
10 453
613 67
64 391
538 917
18 703
319 276
468 84
108 371
746 36
434 165
195 234
863 776
615 35
123 182
884 61
572 571
626 879
723 591
20 666
590 391
344 701
83 754
497 229
169 159
123 935
96 405
63 386
337 308
270 635
742 397
872 547
715 760
152 328
328 243
953 71
204 382
556 911
886 478
861 970
613 332
330 221
509 230
466 727
752 476
954 148
973 387
178 137
387 947
273 537
495 889
820 737
940 298
19 270
505 240
344 624
282 178
370 655
758 199
792 24
697 783
700 168
956 638
126 617
340 63
660 624
307 491
830 671
415 666
841 981
195 552
875 329
886 348
826 909
860 533
473 231
227 345
688 366
778 478
848 236
383 6
655 746
531 58
522 480
958 487
656 173
459 210
82 511
725 728
802 702
864 460
181 968
550 617
902 442
811 144
156 654
807 825
665 581
796 474
555 43
565 135
43 431
360 591
849 876
510 524
203 911
215 154
197 949
285 201
519 915
781 8
796 227
117 129
943 691
413 867
117 255
987 978
882 476
687 652
340 386
321 172
110 207
738 935
54 563
91 885
81 437
437 651
627 63
314 728
936 945
604 135
428 991
932 677
87 24
39 135
586 513
670 359
740 358
125 565
914 768
262 184
833 142
567 15
722 4
465 480
404 195
145 988
937 59
614 411
895 259
193 524
587 303
591 920
901 483
130 105
804 905
269 481
275 671
626 908
466 920
692 240
332 98
365 692
815 986
295 625
971 442
298 443
614 250
566 80
22 244
111 301
71 381
927 766
233 971
579 361
770 784
533 333
705 349
223 364
941 677
25 351
494 979
100 51
278 526
986 82
848 507
955 974
797 973
694 361
234 876
68 315
850 384
58 154
63 760
77 971
868 851
860 518
131 174
833 236
885 308
466 263
517 167
633 935
214 431
185 237
534 384
854 192
301 479
339 297
610 439
377 713
176 625
917 341
782 62
647 948
967 165
70 86
45 274
320 138
177 316
964 596
995 600
502 250
66 797
987 26
11 384
92 282
573 284
57 708
840 310
842 154
534 911
871 797
828 733
141 787
525 349
90 579
278 98
719 653
472 613
701 416
992 949
783 676
162 742
906 469
743 239
95 286
901 687
530 633
914 483
197 492
608 5
299 84
956 303
691 451
657 323
489 64
672 764
20 803
293 542
529 930
191 949
497 976
932 302
880 844
32 795
938 196
491 949
978 598
226 612
85 336
819 526
782 509
620 213
995 320
789 190
780 380
869 286
932 139
504 972
888 812
896 512
744 884
880 344
810 994
399 500
188 208
327 614
483 506
286 469
987 464
495 2
176 187
34 243
231 931
110 879
967 318
14 257
1000 352
47 497
459 211
762 47
10 593
520 930
17 752
300 368
386 567
193 937
709 921
402 147
591 267
716 431
767 222
694 558
861 214
785 27
479 938
80 565
451 867
602 755
865 174
675 51
231 84
729 737
364 923
149 662
22 287
950 955
684 667
548 944
81 822
201 232
683 521
513 233
591 436
784 745
546 983
895 332
122 782
330 917
41 572
657 5
505 67
547 44
168 610
938 738
747 32
465 193
869 329
192 754
34 254
906 728
612 606
987 238
343 672
437 191
235 815
471 186
366 236
454 62
352 548
173 501
105 396
777 155
410 612
127 942
827 713
943 139
79 741
781 926
66 700
414 81
129 93
639 931
385 8
108 147
221 452
408 953
50 174
416 475
289 692
958 337
542 193
419 132
618 395
508 282
625 166
733 608
842 490
526 967
325 323
200 571
6 837
408 853
205 570
167 139
1000 915
408 877
703 382
572 167
705 486
295 393
887 781
278 608
189 776
263 155
78 989
879 157
576 188
115 526
204 795
532 668
580 650
617 870
326 748
804 715
833 374
217 521
524 719
154 499
232 518
717 216
903 271
660 356
939 874
149 331
358 180
718 384
813 227
310 667
567 764
218 813
319 700
58 484
34 136
770 882
232 311
39 578
311 279
150 887
215 810
796 959
928 148
666 981
679 511
713 761
771 181
594 682
991 503
330 810
383 157
29 421
722 176
986 488
268 808
31 700
709 741
910 474
580 105
478 457
719 963
174 782
658 144
829 793
272 274
484 100
762 714
346 394
483 57
91 946
125 96
947 585
934 58
744 864
341 53
336 181
406 542
742 364
857 759
873 190
323 295
240 343
315 147
513 50
31 45
74 9
928 392
171 798
454 872
436 835
557 446
903 566
795 207
297 530
430 160
843 844
493 719
57 535
975 745
948 992
609 976
75 317
422 490
926 603
911 191
549 30
801 943
352 112
66 666
782 305
381 249
456 731
7 347
916 300
153 57
403 701
338 210
332 644
339 563
642 960
865 144
140 511
664 528
351 726
749 164
954 445
282 334
413 79
686 843
841 191
544 94
769 92
602 531
867 894
535 872
267 157
246 913
569 209
508 690
291 1
477 658
428 674
808 913
75 586
328 258
269 300
973 443
278 413
695 149
598 169
525 858
497 743
55 952
690 337
865 574
432 773
499 368
806 434
168 988
104 70
914 635
45 68
195 392
108 752
893 49
719 796
776 130
723 831
508 718
476 862
722 448
317 893
948 645
310 481
61 684
809 120
340 535
320 560
230 606
545 891
670 134
586 702
365 42
854 568
629 856
892 433
944 45
76 981
640 991
67 561
329 621
958 680
16 154
38 340
597 35
482 946
961 61
782 544
857 657
826 635
707 969
342 567
399 595
824 594
826 965
478 693
417 321
662 343
501 480
603 221
923 903
174 7
60 588
475 151
686 225
245 537
442 454
366 785
602 660
794 344
595 851
878 199
860 131
213 483
634 263
740 571
830 278
576 478
477 461
130 885
100 590
16 204
242 903
518 331
715 335
356 107
2 708
34 183
31 175
419 374
870 627
456 703
125 535
183 975
546 80
700 453
795 728
126 758
904 947
487 454
97 619
796 247
189 604
635 519
546 743
708 458
912 64
143 309
897 305
114 591
258 850
215 488
923 441
12 668
200 865
20 849
437 940
508 404
634 440
304 926
224 772
58 480
742 466
671 408
645 541
306 757
659 371
429 301
235 163
762 801
568 511
318 986
584 789
588 10
356 404
889 496
776 745
176 763
198 272
776 558
627 93
718 329
561 624
701 333
623 330
64 476
100 99
877 878
257 922
312 137
190 709
302 265
391 85
669 995
259 718
73 979
256 151
306 996
123 130
281 439
468 351
689 104
964 248
758 288
107 177
70 453
48 752
299 22
772 968
448 284
65 40
113 340
125 230
520 898
595 694
862 53
738 435
488 966
661 204
754 80
720 265
667 830
944 871
80 591
218 684
162 582
37 94
29 998
446 649
967 950
380 207
241 589
846 161
673 566
916 351
892 602
72 98
947 806
423 26
359 529
275 654
983 391
973 725
979 409
532 580
331 386
489 922
173 339
570 205
80 38
417 544
804 642
551 498
594 935
142 378
22 519
209 510
311 581
711 350
396 389
703 263
84 997
728 842
930 765
791 586
109 119
682 176
738 977
1 90
947 215
219 379
652 234
371 940
195 494
638 443
378 664
197 82
3 814
830 926
705 936
550 665
506 434
141 926
129 579
375 13
423 950
914 74
522 8
529 769
183 666
528 921
336 606
650 630
133 908
82 692
81 813
313 244
546 811
657 414
303 112
794 220
875 487
641 955
973 467
422 189
763 230
962 409
232 671
763 831
874 576
509 847
628 120
210 713
714 893
103 10
385 589
917 66
425 18
732 998
749 655
398 352
40 403
591 23
201 63
683 630
389 977
602 183
240 131
102 820
690 395
658 374
820 712
631 456
960 97
638 420
369 549
110 73
683 500
31 36
813 350
664 557
115 255
641 931
39 492
560 698
85 472
152 541
176 46
80 777
252 638
900 714
590 793
532 715
310 514
943 115
763 680
502 614
68 461
263 253
303 928
804 165
93 572
848 911
336 913
187 654
819 58
862 711
27 162
720 644
110 227
339 298
487 888
198 710
399 996
117 18
971 53
969 137
958 267
346 553
104 149
425 525
529 236
824 323
639 49
591 196
185 691
3 937
537 40
418 600
960 27
397 527
219 573
479 651
401 927
279 153
746 119
731 977
183 232
720 506
597 389
173 634
26 890
40 564
236 545
79 127
454 516
50 688
186 278
874 668
228 492
42 736
701 761
23 566
823 791
54 462
351 787
156 476
350 330
484 467
749 837
164 750
826 990
953 353
901 105
863 25
241 38
890 814
311 26
838 321
197 607
573 858
930 109
543 300
25 826
988 480
190 134
851 612
96 863
540 354
425 578
553 46
671 85
136 303
946 501
186 126
354 985
94 987
406 796
464 740
667 174
584 605
288 401
10 779
312 195
767 100
102 37
379 853
638 90
724 532
801 625
283 858
183 574
830 868
275 80
551 761
641 86
953 581
103 134
377 142
834 727
97 784
446 868
212 298
619 609
891 118
606 893
808 299
221 318
859 947
668 123
288 119
762 270
583 48
865 21
565 393
998 160
9 128
983 930
584 869
566 130
688 151
467 636
285 327
827 353
772 6
671 77
187 682
518 149
65 624
933 291
798 708
45 592
331 647
893 753
629 708
857 787
826 980
892 774
348 685
596 245
172 44
342 397
139 854
47 90
882 265
672 12
193 223
628 395
96 75
751 676
804 23
746 888
301 978
978 713
26 515
388 595
169 771
171 503
359 877
512 780
899 148
554 767
243 52
302 598
656 482
594 841
660 366
891 376
299 623
109 835
160 584
883 501
701 664
472 830
607 637
671 418
126 445
116 409
825 609
611 90
135 413
191 818
546 586
490 261
350 936
304 557
757 53
906 995
291 934
225 925
37 331
697 851
955 952
205 125
802 438
9 960
421 554
445 599
832 154
21 527
35 758
820 600
831 840
967 5
919 508
850 766
738 131
829 54
586 66
40 904
837 136
840 922
579 108
44 141
375 900
917 558
161 414
316 474
486 111
144 33
334 681
341 398
426 602
308 68
600 889
261 796
491 122
312 16
783 840
247 34
340 700
924 686
720 962
236 800
436 260
820 519
168 271
680 48
340 969
650 816
763 623
195 930
919 73
547 120
240 280
181 592
986 266
934 664
27 980
109 196
705 119
919 698
235 198
499 358
506 692
593 285
21 150
765 830
527 271
617 442
718 591
734 587
587 853
367 801
582 665
46 717
582 718
215 985
164 204
88 992
273 553
371 882
266 357
288 814
328 403
300 979
899 779
527 961
899 34
949 643
816 255
142 453
700 408
352 16
688 160
221 333
699 123
83 553
903 496
533 703
228 355
202 603
708 231
11 376
608 603
660 560
663 766
123 554
754 553
629 437
995 279
324 580
714 784
372 245
935 880
615 851
1000 985
976 665
908 643
602 362
564 639
55 741
327 23
773 462
470 648
992 202
710 11
777 749
888 473
439 152
633 64
150 863
64 629
257 165
906 962
757 169
875 774
33 652
815 331
79 623
294 573
759 514
235 294
982 519
161 654
824 473
819 711
734 448
737 536
927 397
849 552
722 783
976 248
896 47
544 269
217 839
683 226
624 913
738 290
873 871
234 508
577 76
514 684
361 665
352 237
488 181
126 304
385 975
970 750
945 850
741 299
191 458
312 297
106 298
604 557
929 335
398 542
29 786
559 696
852 860
631 511
634 757
777 263
89 780
471 980
615 657
194 202
978 607
783 232
609 210
520 179
223 311
745 535
745 88
167 18
478 852
818 542
678 52
821 986
13 501
775 281
774 667
533 2
986 705
976 605
377 334
541 622
915 480
117 354
192 732
606 933
221 179
368 828
955 762
552 71
695 588
590 112
523 585
454 669
156 394
132 924
522 118
539 411
853 194
663 62
646 542
66 962
17 380
262 86
116 563
348 444
191 411
998 971
46 666
895 498
809 884
640 206
550 453
204 584
432 519
466 595
922 998
319 641
388 491
954 308
28 111
381 35
131 655
340 422
745 972
147 853
908 972
431 88
51 821
936 284
62 338
922 55
566 266
933 228
660 29
484 363
321 272
306 599
536 78
836 428
456 142
883 337
924 521
476 781
515 124
489 215
130 760
863 608
469 252
