140 94
99 71
123 54
78 28
13 13
71 16
15 123
21 72
105 25
5 50
73 49
123 58
117 128
113 69
75 114
74 25
61 1
90 149
146 34
35 70
95 85
127 53
52 16
24 72
70 106
43 145
87 51
147 71
71 85
76 97
59 76
82 146
125 50
83 3
119 57
97 17
137 15
33 104
56 1
43 144
70 45
8 117
89 100
125 65
9 87
7 104
129 98
56 107
56 97
10 6
53 36
29 59
94 125
103 26
106 17
63 16
135 58
42 74
106 58
89 18
42 23
55 68
101 17
120 138
64 69
79 118
20 27
89 71
11 59
123 112
115 1
15 111
87 118
128 72
88 32
119 138
103 91
33 53
81 113
44 116
85 124
133 57
89 58
141 118
32 108
140 16
78 141
39 18
49 135
145 100
81 93
144 27
145 58
77 133
73 15
1 29
35 120
61 57
98 70
64 59
11 86
108 116
82 52
50 32
150 64
25 98
111 33
89 99
51 54
52 10
58 67
38 95
122 52
87 128
31 17
100 143
27 40
16 92
56 43
25 128
139 112
96 81
45 43
109 45
107 119
24 56
34 148
110 144
105 77
108 47
147 27
45 29
5 115
132 130
12 100
4 52
57 12
17 67
72 38
24 68
149 37
6 83
70 98
78 135
137 115
18 127
149 18
78 92
133 109
13 87
125 123
34 119
61 76
146 19
119 64
142 31
150 50
95 39
12 63
150 102
60 143
12 81
139 55
130 75
61 126
39 37
110 116
112 16
60 142
100 100
48 139
30 26
4 31
1 68
71 9
33 150
63 78
17 66
135 135
102 81
77 133
100 55
123 36
16 5
46 24
109 87
76 50
146 96
45 70
61 78
122 61
81 79
109 80
120 17
93 67
96 72
18 149
28 67
128 80
71 60
51 44
80 21
28 145
69 29
139 81
34 42
21 68
58 46
110 66
36 51
54 65
135 95
73 16
129 5
116 148
111 80
124 52
94 52
82 78
107 94
78 122
103 144
48 6
30 87
143 11
9 73
37 143
64 66
21 117
8 96
35 87
97 59
27 28
114 30
105 44
92 5
44 17
120 11
50 8
91 46
20 26
118 129
120 124
113 114
25 70
115 102
30 38
135 66
10 127
24 85
95 34
108 113
24 52
81 12
49 35
108 49
79 132
60 21
45 49
111 73
124 111
67 90
84 121
69 75
127 18
68 117
5 10
118 70
102 101
50 127
3 55
14 144
24 44
54 127
101 67
106 98
45 113
11 13
74 80
35 25
142 87
44 81
4 38
102 103
87 76
61 70
97 106
62 6
90 89
80 45
143 54
56 130
105 126
127 102
23 75
125 8
45 18
78 72
41 130
63 16
68 1
150 124
150 82
111 56
116 60
90 118
105 87
144 109
120 136
29 96
107 73
48 107
39 119
117 80
147 50
115 95
34 94
34 109
109 43
27 52
126 4
69 46
109 15
93 19
73 98
69 32
102 82
105 30
116 54
87 48
84 64
134 81
58 67
15 144
112 27
147 20
14 45
23 29
73 142
79 102
135 61
126 74
97 94
108 97
140 3
88 12
93 30
71 83
112 121
85 70
26 91
108 19
16 94
39 7
147 34
44 111
129 53
116 91
75 137
104 135
113 97
42 106
136 77
74 104
25 99
84 18
92 18
40 134
82 14
95 19
85 77
63 143
96 81
71 90
108 14
90 114
120 144
11 108
136 78
25 47
29 67
98 96
88 138
43 88
40 148
25 1
1 142
48 141
134 105
144 84
60 78
35 35
24 54
28 131
104 95
95 63
39 24
87 82
126 54
27 119
96 25
42 111
65 95
63 34
40 10
12 43
121 28
66 138
12 114
131 30
22 132
117 150
20 139
25 97
131 111
22 54
93 63
16 101
2 150
119 94
116 141
18 138
70 61
16 98
8 46
147 150
64 98
48 12
150 97
108 23
58 72
72 63
147 23
49 27
104 122
101 84
4 95
150 112
31 73
138 107
51 145
149 143
9 142
51 14
116 71
20 136
104 92
79 78
48 12
113 101
96 95
4 148
64 141
108 132
50 123
87 95
90 83
139 113
53 112
141 146
130 41
86 98
146 118
57 66
18 53
13 142
32 81
80 68
60 138
99 100
150 10
27 88
87 6
128 122
94 62
76 133
39 116
26 8
45 149
79 27
72 90
71 129
71 17
104 32
99 75
60 119
61 19
73 90
72 5
57 69
66 50
126 39
51 98
33 53
139 130
120 129
2 10
121 36
50 58
75 143
