170 315
60 98
233 276
236 89
45 344
483 475
475 432
287 447
430 111
136 267
336 369
453 52
219 330
387 122
135 370
407 429
115 411
459 54
462 162
154 110
319 444
432 98
177 158
23 428
96 138
366 313
86 102
444 244
308 317
29 410
412 153
148 387
416 97
242 178
110 335
351 369
48 259
181 86
7 143
102 233
398 203
408 13
468 292
305 79
47 276
273 282
343 346
142 433
344 372
406 82
138 499
380 278
305 306
85 34
130 93
321 371
44 74
500 344
70 57
338 294
368 383
304 205
13 58
87 305
73 186
248 283
203 202
346 455
309 396
332 100
481 293
174 306
67 440
18 207
472 239
89 313
311 60
299 125
240 4
125 394
240 129
257 288
32 311
17 341
284 342
496 430
417 231
387 376
226 384
250 41
134 448
55 266
66 24
395 133
41 28
146 329
249 258
153 182
309 18
289 237
256 6
161 369
436 93
31 388
122 239
237 386
230 8
451 132
362 214
34 175
405 369
246 281
281 137
70 371
147 16
85 306
122 281
336 145
274 154
326 185
499 164
450 216
127 184
100 202
441 396
452 102
317 321
14 245
299 284
384 280
95 272
204 223
260 130
122 405
306 450
94 488
82 467
31 289
265 209
137 177
231 108
33 120
275 454
263 176
482 283
87 302
253 306
374 249
130 233
120 95
492 434
99 362
56 445
285 213
155 221
474 146
338 16
126 407
390 303
99 335
126 33
411 62
266 465
284 194
65 445
486 345
435 319
158 96
320 358
239 499
273 396
39 314
484 82
38 322
453 320
142 388
160 73
1 207
224 397
382 252
396 129
118 224
453 347
275 108
135 336
189 116
216 125
154 166
138 339
82 43
427 268
294 50
427 24
372 414
453 265
363 113
50 88
185 75
340 388
104 8
338 494
201 394
7 125
346 164
75 323
308 108
360 83
162 374
79 488
87 28
224 160
327 450
138 78
352 342
49 109
141 448
396 483
85 230
105 193
31 82
157 189
366 296
83 275
432 2
408 190
222 497
291 184
403 272
40 263
115 399
93 93
428 473
385 90
217 282
437 321
490 224
249 276
204 432
296 217
19 472
189 361
229 73
122 71
440 499
343 298
438 348
62 484
346 112
478 287
147 322
296 268
461 142
353 175
413 56
260 408
442 316
40 332
448 452
330 345
386 367
27 154
61 183
60 238
485 127
156 411
306 437
157 307
207 170
479 112
84 312
7 46
143 59
214 224
59 437
298 177
481 479
300 148
467 1
25 170
83 72
123 246
324 233
475 172
263 435
30 401
403 416
102 57
370 486
347 142
368 172
393 389
494 349
124 439
196 79
492 267
407 188
282 354
15 191
30 200
357 23
290 325
271 403
157 327
77 49
239 246
286 180
59 276
349 54
262 162
212 404
48 292
51 88
414 154
120 179
395 409
436 425
65 304
397 98
171 70
397 197
27 24
164 70
160 83
35 436
238 451
107 162
228 186
389 188
339 27
150 4
308 216
117 78
114 203
334 175
156 480
107 169
242 344
500 112
87 53
82 41
403 53
322 338
231 465
197 387
355 377
308 46
295 51
377 396
30 319
423 106
243 493
367 169
20 388
321 471
249 441
172 1
61 330
177 345
418 345
314 190
14 359
442 56
348 95
199 446
6 61
378 119
184 77
464 249
310 407
220 328
175 369
2 33
113 43
267 242
390 44
181 369
152 412
227 277
170 185
208 106
314 315
178 147
313 452
266 140
474 452
367 12
37 75
352 425
140 220
381 175
44 167
126 143
474 406
396 441
123 40
261 311
339 226
221 33
274 412
135 401
148 481
233 233
48 416
479 300
431 492
84 233
231 294
474 443
471 249
343 190
359 329
300 412
386 39
437 409
135 365
119 397
192 436
436 408
370 99
288 100
38 22
477 487
260 231
335 158
46 320
144 5
175 357
56 91
105 269
342 207
95 478
487 305
262 173
179 6
389 193
325 158
488 165
360 340
280 115
273 24
122 149
243 82
440 34
332 452
56 433
138 378
161 143
418 233
429 28
395 30
250 413
293 401
110 318
63 87
148 243
401 358
410 373
82 410
148 49
106 194
87 372
76 179
245 456
355 207
279 360
330 33
261 304
359 356
443 473
110 444
221 335
235 63
131 285
89 448
5 365
487 473
283 276
330 355
135 300
82 174
402 154
45 171
164 421
285 77
217 182
311 409
391 441
336 227
371 457
487 366
436 265
284 161
336 104
402 266
348 499
425 144
199 296
39 400
275 326
492 375
227 63
493 279
248 474
174 19
130 490
383 200
164 351
257 123
117 148
334 498
194 442
360 124
393 192
217 319
20 43
207 450
389 441
490 233
293 349
131 82
422 351
401 301
370 152
352 229
303 308
430 320
364 153
94 111
466 156
418 411
67 458
115 475
251 274
85 284
42 198
67 199
346 135
300 266
308 378
155 28
299 69
296 178
256 114
289 171
318 249
199 145
280 79
88 82
143 399
292 391
402 296
273 104
185 337
169 313
297 112
34 356
65 464
313 489
297 56
428 456
322 460
49 227
27 319
111 267
117 365
277 172
146 279
347 279
299 339
398 189
178 457
404 62
259 138
27 58
381 457
287 369
2 2
351 410
343 311
60 158
114 47
372 283
191 318
74 486
473 31
451 473
44 488
351 83
469 249
181 100
3 111
97 322
222 283
40 110
224 78
324 450
184 215
361 338
403 428
442 221
195 396
282 158
312 429
477 220
182 160
107 405
469 321
148 67
319 482
84 219
301 79
336 280
407 418
222 141
345 92
159 202
497 350
497 290
302 173
321 7
374 183
460 472
150 64
487 319
299 205
429 319
196 389
217 437
181 496
208 437
326 74
46 459
295 237
13 461
312 228
203 384
44 385
118 253
285 456
393 55
417 467
278 357
284 484
47 470
170 208
131 360
160 336
367 325
384 50
49 420
121 440
374 344
88 184
47 439
460 483
331 315
162 346
192 289
228 227
202 224
33 138
215 341
172 303
49 430
301 218
295 162
255 416
24 168
489 380
333 425
26 156
456 190
65 97
61 375
369 97
469 357
229 325
251 62
242 436
144 221
248 110
201 410
67 423
246 178
494 189
379 408
260 472
267 270
296 109
208 132
381 445
226 13
14 85
350 53
31 283
25 394
376 413
387 137
116 435
234 51
424 75
276 434
61 260
199 321
245 209
80 498
309 405
390 174
139 235
402 498
1 6
203 85
38 72
22 324
420 439
179 475
192 200
500 278
434 473
244 151
242 340
360 307
350 244
471 243
286 40
251 224
411 37
275 296
241 46
253 37
262 76
353 81
90 355
317 39
20 286
218 499
472 497
368 3
116 68
230 201
460 110
202 78
61 59
361 141
481 128
219 391
494 224
343 233
432 184
292 253
127 171
137 227
202 314
477 196
329 481
12 436
369 367
499 92
12 169
276 116
346 362
189 270
245 26
55 306
486 463
226 34
379 82
29 43
318 66
140 226
341 203
57 233
346 482
355 237
299 213
479 331
235 18
66 143
284 430
489 367
305 447
344 416
466 21
141 425
452 107
322 88
392 479
312 72
395 277
196 56
36 85
337 167
456 322
99 252
290 258
466 470
162 208
365 26
272 398
243 325
195 6
74 266
58 88
159 241
132 176
93 29
347 372
405 54
255 432
36 477
83 338
198 273
172 136
37 159
436 39
359 281
253 138
499 410
59 303
115 257
348 57
137 401
373 371
370 58
461 336
275 190
480 169
334 294
436 75
466 376
417 398
205 269
417 146
330 177
50 325
489 171
202 445
395 335
186 112
167 116
30 67
207 300
298 419
23 156
88 449
409 279
409 444
277 143
442 169
275 130
96 424
204 186
303 141
353 33
345 300
455 241
262 441
297 41
122 427
36 83
294 153
430 193
96 314
57 192
8 2
383 19
437 325
67 126
17 445
387 156
131 293
122 179
436 50
221 155
294 130
366 488
401 176
287 14
163 169
221 413
362 202
236 15
336 327
218 160
274 360
441 377
418 101
494 174
25 89
105 113
75 454
271 179
465 369
152 256
211 42
397 363
384 492
488 319
242 285
389 245
211 389
37 331
442 92
94 124
307 59
298 476
27 269
417 259
208 23
223 156
78 443
107 107
84 45
467 26
444 128
222 361
230 213
127 454
165 124
237 290
297 160
12 197
60 195
216 305
134 267
162 481
269 497
321 48
242 451
40 462
138 38
85 488
336 226
458 37
497 160
62 287
466 186
332 441
454 317
470 43
161 133
268 165
356 16
79 209
84 485
367 414
88 42
230 192
424 65
356 293
245 401
380 243
176 70
159 442
114 56
294 244
346 92
252 201
303 110
217 276
245 193
194 239
75 91
208 31
387 402
247 378
418 122
322 149
91 59
301 349
377 81
145 303
192 499
261 142
36 18
465 155
358 240
500 347
465 80
163 57
194 181
349 205
421 149
266 71
231 191
36 211
260 364
256 128
213 49
183 208
12 106
426 44
415 156
34 218
162 112
254 464
392 181
477 99
236 182
48 409
78 213
119 81
355 32
448 394
142 366
179 188
311 8
365 241
432 218
415 322
36 77
65 465
318 293
442 257
330 423
136 20
167 87
426 434
174 343
331 76
155 187
141 264
391 309
29 453
402 312
127 206
46 221
91 446
222 297
16 10
235 447
167 263
263 72
415 182
328 302
74 279
460 159
275 226
321 99
472 412
478 101
120 222
389 267
412 215
279 218
486 151
86 331
202 401
125 206
410 296
191 63
447 137
449 162
127 175
44 4
59 209
235 8
427 23
39 325
237 196
107 359
25 69
329 469
485 84
346 482
405 80
127 279
242 109
267 130
117 138
220 103
20 337
406 389
458 255
146 106
127 87
223 280
149 195
464 1
488 250
312 32
127 160
130 52
137 391
69 446
226 451
455 86
417 388
227 84
443 408
182 178
374 353
491 260
471 248
86 494
499 65
68 78
92 453
161 381
240 196
114 96
28 355
163 17
497 433
488 188
426 315
336 355
101 138
26 74
171 8
194 340
411 33
356 151
53 359
200 62
335 174
112 117
219 445
439 46
44 342
214 84
111 182
388 77
128 250
118 323
203 263
132 31
29 242
408 260
320 90
178 28
354 211
352 90
283 358
44 433
482 219
202 464
315 414
287 302
349 247
59 337
500 345
426 181
474 277
126 158
373 279
460 124
80 254
458 130
423 433
132 174
354 296
37 452
274 224
412 338
415 309
357 381
451 128
439 201
363 445
365 29
91 375
25 302
456 274
72 233
178 386
488 400
92 14
428 393
342 323
272 175
156 283
261 344
301 277
205 141
261 277
434 180
374 170
223 307
282 199
44 358
221 219
376 325
231 370
417 258
322 455
141 334
485 53
471 19
352 234
414 320
180 294
72 266
144 34
145 160
167 184
63 196
105 15
366 121
468 362
171 349
441 169
149 247
440 105
495 156
163 77
484 29
235 485
349 236
463 161
363 193
480 296
145 231
481 331
73 85
118 254
273 218
130 343
319 85
111 29
197 392
278 88
148 217
102 411
346 293
384 321
204 412
131 187
376 184
50 258
48 483
25 380
9 360
432 168
251 266
136 80
279 343
293 373
230 207
264 79
68 163
474 31
73 265
188 265
485 373
428 384
400 340
105 396
348 47
43 434
478 255
83 419
345 105
65 198
382 205
311 449
206 33
350 440
444 292
50 59
496 125
209 243
474 432
413 230
359 173
357 115
89 311
96 245
312 153
300 146
130 220
446 450
245 15
324 340
136 1
371 56
233 91
449 329
491 103
99 229
42 487
311 65
486 196
478 89
137 481
350 135
355 238
451 62
252 326
380 80
436 283
436 193
50 339
275 312
257 324
90 78
328 265
229 238
10 416
272 176
335 392
331 11
387 145
86 120
331 36
221 77
102 358
124 76
201 481
485 286
23 402
267 253
88 464
388 481
369 236
363 264
120 85
395 284
332 172
478 259
463 6
282 371
494 480
111 290
427 285
392 23
347 310
449 201
475 89
23 265
232 187
439 144
188 266
48 255
316 88
248 383
410 103
26 236
159 389
447 318
477 313
482 298
363 454
57 87
177 322
226 172
411 376
63 244
10 63
99 313
374 70
459 338
166 30
266 470
2 496
112 106
47 151
79 487
181 430
36 51
424 278
499 51
407 280
13 160
382 286
234 86
7 391
349 201
57 460
372 279
243 28
450 130
248 295
352 329
270 254
93 218
387 9
60 46
403 468
384 283
250 47
5 30
350 32
245 384
377 330
250 80
192 271
128 3
458 327
126 38
246 352
276 357
149 156
32 181
83 265
372 219
129 253
28 245
176 173
1 466
198 2
251 252
161 313
39 45
264 376
253 372
255 308
448 472
342 84
30 252
41 274
303 266
163 42
149 488
146 421
309 228
156 70
290 493
187 195
166 60
50 314
222 90
155 138
387 74
475 480
444 239
13 325
63 406
211 244
117 332
289 26
158 107
476 117
23 302
120 440
13 305
310 302
51 69
473 463
405 365
21 337
460 445
118 149
258 260
247 241
165 373
350 78
368 58
222 399
317 48
423 135
173 401
76 345
234 483
469 467
313 299
281 68
307 431
313 157
461 15
459 62
474 150
172 499
34 277
108 240
423 249
226 200
492 224
428 488
77 4
292 372
473 92
211 462
492 268
223 256
283 422
24 323
175 136
253 170
471 498
498 278
218 488
109 70
486 475
68 465
490 51
132 43
325 445
270 9
33 191
247 354
314 15
426 265
5 80
248 95
463 340
223 329
54 432
89 405
433 195
143 429
281 457
184 397
120 321
83 477
249 170
421 90
401 108
211 73
413 340
200 476
229 238
177 453
8 75
163 47
188 446
210 354
413 331
437 64
47 145
316 161
106 427
132 476
410 488
247 190
435 330
153 277
267 223
401 332
116 103
29 228
116 59
218 29
428 30
221 2
294 257
258 32
270 164
160 392
152 428
294 204
34 432
303 24
454 12
486 379
179 441
374 198
327 52
419 187
243 231
134 469
413 165
421 37
398 493
459 98
192 426
255 32
483 9
7 495
473 477
58 64
259 390
74 184
328 461
105 207
479 69
94 2
381 270
75 389
227 496
321 69
417 133
313 181
166 320
361 368
35 232
449 404
114 422
211 476
98 265
403 453
296 177
154 35
5 153
137 42
58 323
21 451
229 350
209 464
134 141
72 214
285 91
174 1
70 405
391 201
252 60
418 270
8 76
191 410
153 150
494 466
409 334
70 250
382 294
135 478
386 260
4 333
409 335
220 191
448 160
454 456
295 402
17 276
400 286
460 326
224 74
58 210
383 28
284 311
117 139
478 164
489 295
282 124
460 243
212 172
342 324
152 422
96 196
276 388
23 87
497 176
116 222
367 269
312 334
440 53
459 304
100 309
5 309
194 422
389 6
151 165
109 290
103 216
377 118
38 125
450 60
205 216
330 496
96 165
11 76
42 160
307 482
412 65
344 468
341 369
132 268
244 136
352 14
475 81
216 128
257 372
423 69
35 335
396 253
346 83
301 198
439 297
335 124
476 21
107 467
239 91
91 99
249 171
177 9
460 111
143 192
20 102
277 106
235 169
10 43
42 198
154 206
434 68
223 424
403 86
169 49
375 341
323 103
132 160
307 71
479 487
266 373
204 205
148 298
423 85
374 407
395 57
278 180
389 435
482 302
82 458
151 125
88 208
426 481
428 399
31 223
457 228
242 365
23 432
418 361
305 272
105 198
129 353
23 51
240 54
431 88
245 93
154 155
149 32
489 135
53 178
468 278
167 337
82 124
460 165
318 61
132 181
137 314
270 157
422 374
464 251
412 324
32 495
336 159
204 44
491 96
237 371
141 270
1 309
394 56
317 356
258 412
141 360
298 329
180 272
210 393
481 458
241 470
396 247
249 111
370 412
63 259
262 493
210 189
157 195
29 309
385 59
341 192
465 261
204 291
182 292
6 464
68 213
383 477
432 261
414 480
430 254
191 198
466 212
83 386
115 85
372 258
247 69
20 211
250 176
237 212
407 361
60 47
8 388
402 300
426 487
160 92
30 67
285 195
292 387
397 188
158 338
167 169
189 458
309 82
91 262
119 53
414 198
68 328
186 159
499 267
113 383
20 34
90 236
414 133
197 393
285 412
392 41
420 127
366 84
231 63
260 56
270 22
424 152
343 280
152 161
138 248
175 395
72 199
500 300
393 222
343 487
36 222
202 406
482 418
147 440
115 285
148 103
477 139
306 129
464 25
211 413
486 227
284 283
117 468
113 177
154 477
283 302
470 46
217 352
202 207
490 280
124 489
142 357
22 167
67 395
325 1
253 40
365 342
32 412
458 182
228 357
283 219
203 78
497 205
197 385
305 468
260 99
226 385
498 93
430 111
388 87
311 312
471 358
96 194
198 316
435 492
474 57
195 125
164 24
283 129
18 339
274 98
415 366
325 20
175 382
98 310
256 198
320 167
159 462
452 171
354 351
19 473
319 288
232 332
326 273
76 471
408 379
310 138
307 199
326 77
197 300
129 191
373 16
447 308
372 107
440 341
380 495
477 153
414 439
317 157
245 443
176 439
430 191
239 354
102 37
179 351
3 335
53 23
469 89
494 325
269 346
75 73
274 56
106 235
169 126
102 123
292 300
296 141
173 75
407 281
162 491
264 411
177 424
302 271
333 414
476 141
297 133
124 351
279 475
148 375
455 22
17 24
368 27
15 444
467 490
76 100
456 245
180 74
452 362
353 105
460 47
483 170
369 151
364 131
331 51
224 201
230 294
385 71
65 476
453 76
2 312
283 165
243 202
479 179
249 41
25 87
405 247
275 78
340 235
207 189
35 40
327 242
110 164
223 25
284 5
259 224
102 446
262 100
173 302
328 367
396 454
195 119
247 128
337 305
80 333
191 450
69 334
239 389
201 375
414 173
198 68
374 277
203 34
146 429
193 211
281 288
37 286
354 365
42 22
395 390
321 441
154 235
83 475
10 480
238 353
323 318
434 347
102 19
69 229
414 144
297 233
201 214
295 347
439 241
45 419
264 101
497 263
318 143
319 368
292 202
273 88
85 83
420 81
9 395
13 415
352 95
118 23
214 23
147 199
277 16
344 328
100 435
375 362
157 421
94 170
214 404
178 387
349 197
464 149
263 263
147 403
418 413
6 239
246 192
259 144
125 216
134 207
138 317
255 200
386 265
127 42
230 380
20 50
431 331
387 178
328 75
377 288
253 208
178 236
73 490
368 52
350 187
62 41
176 471
379 199
208 453
281 439
431 496
127 499
61 35
295 191
86 385
395 164
212 339
85 104
49 226
267 138
50 336
3 292
363 21
161 9
468 112
290 394
276 93
333 334
230 183
229 475
388 275
467 472
110 392
491 8
459 165
356 28
461 130
160 173
389 303
333 219
241 486
85 406
145 250
279 431
445 151
362 297
353 380
127 26
58 175
372 164
463 410
448 214
322 175
98 362
473 430
335 183
72 151
223 487
235 398
2 64
404 285
101 211
251 313
483 198
61 52
6 204
51 47
328 319
323 230
199 288
396 385
443 234
331 393
71 171
49 184
350 346
68 322
84 69
129 291
34 153
135 311
442 314
76 345
358 451
335 129
220 353
478 206
318 435
100 77
193 129
445 455
400 387
126 100
173 74
469 258
242 36
328 259
381 300
470 325
81 337
47 238
151 87
228 298
93 440
301 153
340 258
59 211
489 342
110 176
77 16
68 42
112 247
150 127
226 130
238 135
369 15
365 290
250 460
138 129
415 348
208 96
75 83
454 360
114 255
374 182
167 434
407 486
268 406
491 202
499 311
13 452
73 220
19 446
228 433
493 269
49 289
448 285
433 161
144 126
36 167
49 353
293 185
484 134
394 107
228 207
325 380
203 21
360 103
163 178
264 178
213 121
18 212
392 254
476 127
25 93
53 455
49 444
448 117
23 411
90 237
57 210
306 391
300 170
140 358
171 110
299 243
26 10
458 279
378 63
65 486
447 285
243 424
1 115
109 468
492 290
58 95
72 379
23 76
452 47
329 143
404 385
333 472
139 344
369 388
494 200
309 325
412 477
461 385
88 130
29 232
161 393
405 382
289 174
159 245
438 349
108 390
25 470
379 228
283 443
189 194
156 140
301 137
2 385
469 194
399 497
291 126
150 92
289 250
343 134
474 110
297 355
497 448
98 50
370 490
403 194
286 289
461 442
304 21
84 49
98 441
341 463
112 140
117 281
340 116
369 364
446 294
432 26
129 401
438 119
170 206
149 52
174 450
410 93
105 155
255 449
176 94
429 329
465 121
195 45
126 179
58 327
85 213
331 242
145 278
78 116
133 91
384 467
160 457
351 369
359 285
101 267
142 131
335 480
422 470
266 235
405 467
138 222
277 137
183 291
326 154
410 127
425 55
141 229
378 391
246 45
152 178
471 133
10 89
18 484
311 327
209 271
363 154
113 224
121 60
207 261
329 42
322 197
351 49
13 332
235 262
27 283
500 253
25 388
286 482
302 36
339 53
450 479
46 26
373 224
327 346
366 121
364 399
239 29
405 84
167 144
179 189
485 114
275 240
100 424
291 215
241 206
339 44
238 407
257 77
4 370
73 353
321 161
128 35
416 61
23 272
126 462
448 299
212 387
384 133
251 29
9 444
357 431
269 211
90 240
103 364
154 487
326 261
80 132
35 77
227 45
135 243
489 51
220 45
27 328
321 397
222 112
138 373
23 132
325 19
437 36
129 213
58 155
279 182
424 217
428 160
20 61
246 383
240 384
396 72
205 26
357 175
63 271
33 263
474 41
247 198
495 148
28 109
360 74
105 470
35 31
424 39
496 2
326 438
228 436
153 493
255 198
414 174
389 297
424 7
123 195
150 126
75 198
352 218
320 379
465 295
484 217
27 116
343 149
333 49
455 280
43 188
473 44
349 18
59 151
219 361
389 151
301 300
98 270
112 282
42 234
144 38
247 297
54 404
327 106
178 479
452 264
387 281
240 218
230 363
141 403
275 72
272 60
42 156
401 185
440 286
397 261
341 296
219 326
127 381
490 291
204 480
154 108
219 299
365 27
6 341
357 425
413 492
388 38
194 122
240 182
433 380
274 31
105 460
66 226
486 313
152 286
256 7
17 398
379 113
465 248
6 71
26 312
339 120
381 405
339 135
259 160
55 71
95 232
111 316
145 179
2 86
283 95
346 397
6 234
101 140
469 317
302 416
376 202
443 393
444 365
133 1
90 479
41 304
308 439
422 207
355 273
487 35
160 342
12 190
61 146
245 404
232 73
378 339
343 252
446 294
191 253
118 356
243 18
31 389
312 152
226 296
297 71
201 170
375 439
135 41
343 182
370 324
245 413
41 149
117 461
96 261
119 74
23 388
188 174
149 110
122 19
320 304
187 380
252 370
65 482
387 17
430 380
204 482
469 274
6 4
308 397
486 166
275 97
104 418
168 392
390 128
339 273
430 474
148 242
486 258
500 440
294 237
34 160
314 364
139 40
71 361
122 28
147 170
140 209
284 368
115 310
397 370
112 171
240 242
381 481
485 490
33 162
68 258
351 494
260 29
371 277
241 158
269 364
76 355
252 13
255 210
490 6
317 28
5 128
118 213
154 498
433 38
370 34
12 205
250 488
287 266
391 375
288 262
14 268
347 273
94 26
172 11
58 270
305 37
89 282
430 10
241 169
354 440
369 426
257 271
94 122
336 473
53 280
14 377
349 385
34 498
350 480
272 287
89 233
183 200
454 89
186 206
466 115
42 442
175 135
212 481
464 118
321 307
111 454
163 197
317 488
441 264
6 264
337 431
406 237
35 459
385 13
126 129
477 474
226 119
73 360
70 155
38 303
134 259
460 362
349 271
381 68
23 462
350 243
297 49
222 436
2 419
375 72
106 109
238 404
64 113
273 472
224 193
452 103
146 424
107 276
9 273
28 423
326 443
352 261
261 315
461 175
263 472
179 214
80 156
10 139
351 244
35 303
250 353
124 466
486 41
286 386
49 341
19 384
250 172
351 33
131 175
30 12
27 286
448 308
267 92
380 124
38 330
475 434
116 356
414 168
185 300
270 145
166 490
119 268
252 142
117 199
418 46
285 237
75 456
329 375
272 34
322 500
263 86
388 435
225 223
235 371
201 289
370 292
288 35
458 463
157 274
261 51
7 250
130 466
116 25
262 267
259 248
183 202
43 5
491 107
22 363
230 115
11 156
474 49
17 418
82 301
457 383
409 411
322 208
298 150
402 219
280 322
207 160
399 143
209 64
166 186
179 494
290 415
361 461
143 356
351 251
476 318
403 282
182 302
76 441
189 395
416 464
10 138
16 125
398 27
367 281
383 313
33 498
245 110
391 55
4 431
346 333
489 369
172 406
136 197
84 68
272 361
253 21
449 194
133 447
415 493
343 471
282 378
202 171
355 373
458 163
253 381
200 240
318 253
54 277
433 380
499 130
264 107
196 172
322 241
392 477
32 2
361 459
142 364
124 178
286 2
190 121
380 38
143 374
404 158
248 207
371 164
407 250
185 307
399 477
495 244
25 240
133 281
111 161
63 239
205 236
452 134
372 136
232 73
131 404
50 431
276 491
216 288
279 213
164 267
144 70
281 288
443 463
405 7
481 69
302 488
277 494
145 112
257 350
387 427
313 476
140 69
97 41
23 225
106 2
239 286
308 400
93 359
151 343
80 424
143 194
178 403
156 296
8 137
387 311
175 295
188 53
254 323
362 296
256 83
330 315
23 471
150 191
113 119
497 356
265 403
92 255
150 28
367 475
56 297
213 75
138 211
158 296
176 449
252 437
281 100
41 90
316 297
115 197
431 376
264 472
142 131
322 10
169 219
415 42
320 181
50 473
52 54
85 420
14 118
387 188
390 329
33 313
350 8
326 389
68 347
301 429
155 466
260 295
377 341
267 328
89 412
49 255
227 112
284 415
257 312
202 447
478 224
372 457
450 449
339 33
472 233
22 257
292 356
404 424
340 49
64 252
55 117
384 469
476 287
189 230
219 428
414 498
314 471
117 338
15 356
302 67
223 210
136 497
86 285
65 358
433 36
206 305
55 80
177 150
435 448
357 57
221 369
46 355
403 377
366 100
325 19
261 241
341 15
77 395
292 427
419 414
372 5
2 33
360 9
135 21
97 266
295 345
277 5
112 367
10 337
202 333
481 278
367 442
280 48
95 479
153 282
245 359
324 454
293 157
469 196
37 420
257 441
117 486
444 315
17 467
433 348
40 152
126 414
475 312
34 379
305 328
318 179
351 129
366 57
220 459
110 363
16 68
51 470
150 269
76 295
140 173
393 325
363 465
269 87
138 342
32 199
125 319
87 95
24 399
42 69
422 189
174 438
420 306
222 167
9 47
143 187
381 120
215 247
284 314
313 318
478 300
410 304
491 474
438 351
32 136
77 317
173 486
374 283
216 163
157 403
452 268
413 74
279 239
203 82
179 254
440 311
266 408
307 246
300 318
266 425
83 143
458 122
363 479
244 144
221 347
123 244
498 419
231 143
435 148
204 259
382 32
147 43
172 403
271 347
279 360
485 15
197 37
5 334
7 452
95 361
291 48
40 200
164 239
401 339
55 426
133 454
280 493
19 10
440 176
417 483
11 318
421 477
456 170
66 302
354 165
61 45
157 54
316 10
95 268
443 404
54 94
278 170
304 163
110 122
3 348
243 101
347 99
428 185
434 70
441 431
467 100
470 174
184 25
79 316
335 332
367 68
16 402
170 139
31 58
32 309
139 237
79 299
145 450
323 13
289 354
436 280
88 15
445 306
377 433
307 161
327 372
253 291
178 357
120 102
16 86
356 200
466 456
25 483
56 188
10 288
466 261
397 284
368 427
54 103
377 108
390 238
321 364
54 141
311 336
137 494
196 357
355 265
81 37
459 255
469 487
217 169
261 478
6 313
29 123
140 309
223 248
363 410
187 26
152 480
329 262
424 50
171 154
264 170
350 133
53 76
42 155
201 172
487 17
374 283
202 75
324 131
198 77
355 295
45 440
286 181
199 386
107 348
394 361
144 117
232 208
299 353
94 368
231 55
331 147
90 382
212 135
246 46
449 418
92 395
120 373
296 207
166 208
311 499
325 463
400 321
419 442
200 243
49 186
246 429
296 356
171 35
26 282
185 334
364 323
96 462
141 388
307 328
111 227
99 499
397 424
245 77
451 356
35 33
317 381
203 488
381 102
351 478
165 335
188 132
369 4
190 446
417 448
168 192
414 400
238 324
483 250
109 409
415 118
64 94
167 323
400 117
17 325
301 336
142 138
391 317
269 210
242 479
74 11
21 396
58 344
451 417
137 483
417 36
286 43
364 150
85 240
297 9
44 394
463 3
208 17
398 431
374 50
36 388
258 37
300 400
26 414
101 123
482 142
477 301
266 327
43 306
191 119
310 113
374 126
188 173
94 68
428 212
38 374
261 101
331 155
397 45
178 347
149 22
371 11
472 383
200 275
116 298
417 265
180 167
12 411
198 345
370 33
474 77
197 56
88 323
23 442
72 256
74 76
249 36
143 340
369 49
428 154
437 51
152 294
203 344
334 192
50 135
356 27
427 396
329 409
356 209
36 454
84 337
379 166
89 263
255 86
157 339
114 23
435 40
48 279
482 145
357 444
308 350
210 153
118 255
72 459
89 465
294 26
127 419
389 368
212 416
496 304
17 441
36 319
222 268
108 168
304 442
486 149
99 36
152 350
111 111
213 244
496 14
384 489
287 249
404 379
73 154
264 66
291 232
327 234
115 329
103 13
373 433
385 389
130 354
196 50
332 67
42 158
34 57
487 58
11 390
161 138
383 154
31 273
350 131
241 178
387 393
318 332
303 326
126 128
19 346
363 173
281 235
473 105
183 434
32 352
498 437
245 100
346 208
404 361
47 399
345 187
104 314
479 346
251 8
338 390
360 330
399 343
168 165
221 46
334 471
340 465
111 488
217 466
241 63
86 63
33 148
452 114
488 3
440 105
487 46
427 210
210 101
262 409
95 110
66 5
248 94
144 441
296 233
322 313
165 326
406 495
146 258
79 237
296 248
271 495
62 167
214 107
387 364
304 441
409 462
437 362
88 367
341 486
486 430
374 398
80 130
316 435
30 486
445 458
379 312
343 170
69 459
4 370
411 383
58 435
384 301
389 394
132 438
296 299
409 306
16 313
172 151
55 95
271 472
276 136
408 215
377 278
43 426
194 116
273 499
161 410
439 99
63 9
217 350
206 190
484 160
262 464
225 60
445 456
163 151
235 383
181 155
475 146
431 23
284 413
175 163
305 197
348 363
119 234
313 336
390 69
361 23
309 375
297 193
435 7
134 191
410 171
308 93
311 306
398 189
440 137
92 428
182 67
266 364
175 368
125 3
102 184
448 483
356 431
328 331
194 346
355 81
95 127
389 360
443 70
465 338
329 453
387 345
108 54
292 467
380 411
121 29
458 210
206 326
55 114
156 81
297 340
163 178
120 410
173 15
415 82
409 5
74 246
291 82
264 330
359 386
255 173
285 50
15 174
106 134
99 278
186 231
256 83
497 161
207 364
25 305
224 306
398 179
239 365
265 186
89 235
29 167
162 463
186 199
2 81
398 143
109 159
302 227
329 370
115 298
320 336
303 423
499 281
134 1
344 193
368 372
359 461
161 55
234 113
288 25
231 341
214 264
394 91
259 312
59 266
8 404
23 227
485 45
104 11
287 113
442 441
239 46
186 494
417 315
450 444
232 174
380 72
494 182
374 91
144 85
20 5
111 227
19 168
288 313
388 79
235 405
360 186
258 10
403 127
414 69
468 10
3 225
339 300
212 384
285 274
55 369
405 20
110 476
46 477
232 301
167 439
448 153
129 280
30 486
471 79
436 421
75 98
305 20
55 481
339 28
145 204
469 37
40 383
47 381
155 400
216 342
226 428
120 22
378 195
490 473
201 270
203 319
160 355
313 280
446 334
308 302
158 31
300 63
124 87
188 415
428 91
139 12
204 458
265 292
26 218
223 95
417 438
93 182
149 65
172 132
245 125
268 141
313 240
161 377
40 413
241 66
377 162
365 271
79 310
225 251
130 412
263 370
74 137
216 337
374 320
79 196
316 204
403 298
72 190
235 22
89 470
99 295
218 360
18 122
296 155
122 281
36 194
401 152
87 179
213 159
351 172
484 57
132 3
47 130
1 30
417 433
452 218
82 273
345 30
25 279
69 40
366 360
258 198
234 363
94 285
496 259
32 380
124 312
372 453
418 396
486 445
299 183
34 492
445 141
468 80
217 168
40 423
255 216
5 155
308 335
32 318
466 185
327 51
313 321
183 74
337 163
423 343
83 174
138 288
374 219
360 258
480 378
112 425
334 129
448 207
270 147
407 299
245 277
307 1
220 143
246 492
343 425
288 481
138 298
256 269
167 296
137 304
312 377
151 116
391 158
394 159
129 357
306 248
16 252
330 402
32 151
42 153
193 62
52 4
212 237
224 318
281 46
401 133
487 247
240 300
18 16
22 15
27 392
346 27
37 493
252 353
289 403
346 82
30 99
383 347
117 121
444 375
281 148
186 385
352 399
213 449
215 347
396 434
300 358
120 90
405 68
154 427
50 492
441 6
437 325
106 410
483 306
309 64
304 306
452 154
23 201
449 378
194 246
95 468
53 79
313 297
65 87
202 365
195 237
140 247
190 403
288 484
383 332
320 144
311 70
241 409
322 419
348 177
482 298
471 110
218 27
120 36
461 134
286 361
350 238
59 441
127 204
81 178
99 456
105 305
416 150
71 496
273 447
157 11
430 341
305 288
292 267
490 355
465 270
206 175
400 236
386 169
287 54
93 491
272 409
176 131
220 386
76 402
90 331
276 242
127 353
131 232
211 385
185 427
176 478
69 75
162 34
328 239
478 380
462 415
179 18
463 338
420 9
465 63
163 211
351 372
189 111
160 278
117 413
295 417
200 440
476 173
253 233
460 396
271 354
165 424
109 413
189 309
129 478
431 485
35 110
370 473
14 87
106 109
273 239
406 500
153 111
296 80
456 300
140 198
460 367
411 30
275 479
474 303
438 93
143 184
197 350
246 244
108 40
291 57
473 217
280 343
215 451
418 336
254 27
63 211
221 148
409 246
364 39
481 30
44 219
363 27
365 372
103 324
381 41
390 73
329 383
467 420
32 331
443 327
73 126
342 188
352 395
1 188
282 175
29 301
260 335
352 98
465 72
381 309
166 432
96 448
100 459
277 218
125 71
25 491
151 177
109 316
322 41
130 30
151 236
29 97
2 424
450 40
276 243
391 256
21 453
495 150
479 481
408 244
256 180
388 10
353 144
190 377
348 219
185 482
239 303
397 266
180 329
500 486
482 128
84 170
332 70
167 236
259 389
11 308
52 418
405 452
188 64
304 132
481 112
133 17
455 159
138 253
79 111
220 397
325 134
339 78
323 441
440 231
75 432
202 264
359 192
338 28
352 494
17 151
113 265
64 161
485 182
435 495
455 17
218 353
37 283
500 202
153 466
272 179
154 15
300 455
155 419
157 312
232 268
201 64
471 162
349 28
450 160
166 263
41 175
247 62
346 360
241 390
484 315
116 318
63 276
3 342
213 364
458 194
320 34
125 272
235 331
337 343
86 5
26 27
352 277
261 236
286 375
415 281
423 248
140 189
156 288
378 87
245 457
129 91
383 82
185 237
219 379
252 186
140 480
214 89
331 251
242 187
325 32
402 186
298 250
154 218
309 134
387 236
252 238
327 438
47 309
204 64
127 113
232 416
369 278
478 45
343 244
339 239
319 147
409 154
375 47
126 283
411 141
16 374
363 194
236 55
145 17
72 27
65 115
193 256
134 330
67 198
390 211
404 173
340 404
148 149
219 78
278 449
497 49
405 419
84 79
188 73
395 323
304 285
373 431
58 354
101 167
35 436
258 296
293 403
204 152
28 8
318 479
151 360
270 189
231 173
432 67
82 265
455 161
218 267
68 158
136 21
427 282
241 275
342 223
397 41
385 256
434 26
331 240
34 432
440 100
101 355
217 383
282 285
24 393
338 367
298 237
196 313
478 266
299 308
11 97
260 404
351 474
280 383
131 86
420 34
222 463
471 228
357 359
211 117
296 12
421 70
221 1
254 444
67 396
191 174
231 125
437 192
235 16
462 195
201 348
371 193
19 465
300 80
243 369
18 171
357 242
187 236
423 93
112 400
159 420
310 232
266 254
480 474
43 449
412 295
139 272
69 285
311 493
464 449
228 239
334 200
490 73
448 148
310 411
204 426
490 415
134 408
147 19
219 493
433 100
318 356
372 402
135 89
500 384
8 9
204 326
85 135
294 386
227 20
13 100
43 178
217 99
30 163
494 404
421 126
425 51
438 300
161 381
205 195
210 288
34 17
62 80
407 334
253 294
43 462
79 276
402 286
73 287
307 201
74 191
473 221
287 292
412 411
444 354
278 290
440 196
122 95
385 461
418 137
261 297
182 53
266 259
37 260
217 387
184 287
398 42
297 48
44 71
491 317
289 427
112 232
300 56
75 361
313 336
122 66
47 101
259 392
358 315
219 268
412 82
440 65
106 108
303 82
91 208
411 294
443 447
160 222
354 70
265 478
347 163
298 237
49 377
276 312
69 395
319 321
184 77
7 491
41 96
321 306
8 214
372 468
240 495
44 22
241 486
375 468
426 98
304 42
352 133
125 153
341 128
281 255
33 133
216 398
180 60
94 253
71 361
408 258
237 217
107 370
172 158
383 116
284 497
364 302
394 440
157 364
341 197
309 36
109 45
3 66
320 266
208 65
162 17
20 364
146 427
152 31
386 203
335 360
35 79
109 374
250 30
49 94
121 6
52 254
260 49
11 384
346 374
33 451
478 67
226 446
462 105
131 7
493 146
333 406
219 108
202 482
496 178
149 364
318 260
92 499
12 311
358 408
428 288
480 313
163 14
496 465
358 451
58 370
236 466
417 87
461 132
84 402
68 260
298 21
132 300
442 37
6 111
199 382
118 299
414 271
77 305
16 375
125 348
74 271
96 326
94 7
307 465
272 479
484 446
343 186
431 324
161 283
282 433
373 408
104 321
215 271
73 312
155 202
62 425
186 356
34 165
50 7
61 388
470 212
69 394
104 59
397 271
340 430
336 459
422 241
54 149
63 235
322 369
450 399
233 292
4 35
373 39
303 153
484 285
439 293
126 76
84 323
58 449
385 22
413 226
290 143
77 175
170 344
231 499
149 8
498 129
437 425
87 341
208 279
128 394
287 343
243 16
276 223
297 421
213 496
490 28
289 460
41 223
82 84
473 457
17 207
442 63
261 378
137 78
429 191
410 345
297 478
13 242
339 416
131 156
268 281
350 381
369 289
69 125
205 50
181 381
191 130
31 128
213 324
376 170
384 437
46 283
466 343
438 14
439 323
428 18
279 396
485 483
170 293
60 343
278 235
98 234
203 472
218 32
482 389
138 11
367 419
180 156
327 179
8 396
237 213
61 487
281 427
70 143
184 302
20 256
463 79
363 497
182 202
402 219
463 8
320 247
317 368
195 387
449 303
153 131
388 221
429 191
64 432
35 342
484 312
177 118
229 281
185 164
430 209
297 247
1 210
166 69
445 491
457 326
147 281
236 471
93 451
388 374
8 446
98 188
438 143
102 128
26 456
128 379
414 466
292 491
368 487
134 17
98 51
460 212
149 80
181 296
285 289
97 77
326 128
387 243
245 317
58 305
137 481
242 292
353 112
397 8
305 229
206 272
249 338
80 172
169 374
287 299
259 303
333 240
131 375
469 300
130 86
306 202
96 125
301 269
270 56
86 403
242 40
476 439
231 257
176 267
191 123
361 114
130 176
307 360
272 376
269 16
428 442
498 157
57 255
253 5
464 341
360 120
384 279
242 333
203 330
71 188
477 76
66 439
500 411
103 196
272 275
411 198
294 27
163 400
469 218
106 7
98 304
294 308
410 446
80 232
358 164
364 486
121 243
128 246
405 19
348 95
118 366
348 370
169 179
351 431
351 453
209 83
140 279
375 412
500 416
131 56
35 54
446 5
326 425
318 200
371 282
2 80
126 322
461 141
320 68
31 417
448 334
478 160
118 173
420 280
181 485
354 489
149 136
76 359
54 452
150 119
171 311
236 389
151 260
217 103
448 113
132 206
64 409
132 308
421 17
140 81
32 357
311 464
269 5
245 111
500 108
303 320
27 199
173 400
52 270
14 361
174 408
125 442
217 60
62 448
23 93
63 160
44 26
345 407
181 121
413 166
400 102
452 329
235 234
52 408
172 12
50 240
13 439
458 87
311 302
353 321
324 245
264 354
36 202
31 476
77 221
296 432
230 27
121 98
355 286
279 292
166 144
248 30
264 305
79 355
15 333
47 328
166 109
220 454
329 16
452 112
232 422
418 81
415 220
160 500
303 11
398 241
153 302
456 48
185 115
36 33
330 357
302 111
97 399
196 346
55 316
38 145
363 281
22 292
469 259
21 193
96 99
442 338
345 188
125 452
297 106
435 68
2 121
434 206
160 164
374 283
23 109
247 296
169 462
289 146
414 406
454 242
38 444
187 23
180 301
326 454
164 4
459 20
332 228
314 354
372 265
225 93
173 54
500 379
154 195
492 456
33 2
36 341
53 21
98 448
256 348
313 468
323 432
258 214
92 343
130 139
167 54
362 297
425 338
448 280
333 128
43 472
30 382
342 103
438 427
174 486
425 134
497 443
479 323
275 347
454 487
100 188
315 377
3 343
242 346
347 267
234 456
203 168
232 136
71 120
292 54
475 158
196 118
428 485
110 379
433 72
76 454
398 344
190 482
90 460
99 239
264 177
129 434
124 310
373 401
455 37
15 180
79 403
68 492
119 190
15 104
178 443
496 196
167 370
187 371
251 202
288 246
315 423
100 291
162 262
309 174
75 495
343 253
295 368
197 64
273 443
187 216
318 205
171 418
298 450
434 54
461 414
200 86
200 282
486 450
269 25
375 495
269 83
473 311
159 294
347 65
101 68
161 230
355 424
456 195
68 384
340 174
440 443
217 92
337 82
318 203
404 112
281 167
320 263
478 451
51 124
37 431
345 101
50 232
210 386
96 369
124 356
250 318
100 148
216 137
453 480
307 45
225 274
396 77
461 400
434 201
291 278
101 66
346 293
438 51
2 341
79 380
15 173
349 434
293 340
436 142
95 395
388 258
402 53
379 215
60 303
202 377
302 376
52 398
377 110
218 445
154 160
197 350
389 414
165 445
183 395
124 109
335 489
245 218
156 326
89 144
60 360
241 117
134 448
54 164
44 485
146 163
56 365
21 338
364 213
472 42
113 279
1 221
97 443
15 312
222 374
150 193
245 316
315 325
43 470
273 234
477 209
266 473
76 144
271 441
11 137
95 129
240 262
416 35
394 77
444 259
429 76
280 9
10 240
202 98
338 396
303 111
15 478
495 409
330 383
159 231
344 122
45 382
452 360
376 415
217 134
336 141
193 271
386 212
349 228
400 500
21 275
326 119
456 114
96 137
23 267
355 355
346 115
193 449
230 387
165 268
451 417
335 438
135 307
357 177
334 122
334 181
473 261
160 46
447 391
348 134
33 409
260 398
385 199
290 125
217 250
391 124
460 130
118 246
414 17
22 417
15 95
7 236
491 282
61 471
498 10
117 289
120 180
147 478
339 354
440 356
209 371
44 132
151 489
285 373
152 494
498 390
236 59
8 23
414 344
141 323
365 257
140 264
493 440
4 483
324 430
409 287
289 304
203 396
55 365
45 81
273 15
218 496
419 443
174 49
220 153
127 158
323 170
358 321
137 441
374 180
382 423
91 9
261 318
102 226
21 32
243 203
287 243
166 134
452 166
404 56
461 383
286 303
470 477
143 2
465 432
214 208
41 3
303 111
50 16
292 164
93 383
148 490
476 245
132 54
66 424
222 153
51 469
112 434
108 195
391 209
348 453
326 415
56 278
164 255
35 429
406 197
217 300
149 120
250 153
340 273
32 126
254 487
446 68
75 122
320 354
337 356
165 225
91 274
422 284
80 469
44 264
274 250
310 123
427 466
236 197
232 158
145 411
190 291
114 292
240 140
180 469
337 429
95 380
103 36
444 146
407 91
363 204
209 244
40 117
153 338
259 237
295 478
131 242
299 120
173 217
122 484
121 479
253 163
458 477
363 236
37 471
40 31
290 127
54 321
196 44
255 28
26 408
342 319
443 291
123 211
382 368
366 136
486 382
77 97
357 189
111 478
165 353
397 329
89 486
488 355
467 456
41 316
305 446
158 347
356 75
190 404
237 75
48 196
25 179
414 208
268 497
8 108
439 429
338 225
17 242
56 341
335 405
344 165
363 302
261 173
391 56
157 371
473 59
493 371
350 322
58 222
417 394
266 250
453 438
148 158
316 357
234 144
247 496
130 316
151 367
248 235
40 286
307 232
169 468
439 68
95 149
446 264
412 94
129 357
279 117
38 431
452 294
164 340
240 101
296 376
258 248
19 231
248 34
87 138
164 401
280 400
216 144
